TIME_2DSOIL,TIME_PHREEQCRM,DATE,MINERAL_N,DELTA_NITRIFIED_N,DELTA_DENITRIFIED_N
45292.0,0.0,01/01/2024,25.521128859976187,0.0,0.0
45292.042969,3712.521600164473,01/01/2024,25.61593250064842,0.0966033805597616,0.0
45292.082031,7087.478399835527,01/01/2024,25.70108359241768,0.086961090438321,0.0
45292.125,10800.0,01/01/2024,25.79390273385536,0.09462913835547943,0.0
45292.167969,14512.521600164473,01/01/2024,25.88562862163056,0.09354588441931372,0.0
45292.207031,17887.478399835527,01/01/2024,25.967948279906402,0.08413965381980931,0.0
45292.25,21600.0,01/01/2024,26.0576964038329,0.09157812109082025,0.0
45292.292969,25312.521600164473,01/01/2024,26.14644031891727,0.09057391036397999,0.0
45292.332031,28687.478399835527,01/01/2024,26.22610105929202,0.08150073644262112,0.0
45292.375,32400.0,01/01/2024,26.313004456701584,0.08874339485407412,0.0
45292.417969,36112.52160016447,01/01/2024,26.398973678038722,0.08780921695168853,0.0
45292.457031,39487.47839983553,01/01/2024,26.476179522063738,0.07904584087875688,0.0
45292.5,43200.0,01/01/2024,26.560445878884167,0.08610635314414616,0.0
45292.542969,46912.52160016447,01/01/2024,26.643843198315388,0.08523731500927312,0.0
45292.582031,50287.47839983553,01/01/2024,26.718765306234033,0.07676210424847163,0.0
45292.625,54000.0,01/01/2024,26.800578488260165,0.0836531786300454,0.0
45292.667969,57712.52160016447,01/01/2024,26.88159322134019,0.08284472930970876,0.0
45292.707031,61087.47839983553,01/01/2024,26.95440084549019,0.07463762178960631,0.0
45292.75,64800.0,01/01/2024,27.033932097710036,0.08135090005996948,0.0
45292.792969,68512.52160016447,01/01/2024,27.112623784332072,0.08050098571846975,0.0
45292.832031,71887.47839983553,01/01/2024,27.18337806194085,0.07255403054901444,0.0
45292.875,75600.0,01/01/2024,24.74630852346216,0.07914031191207083,0.0
45292.917969,79312.52160016447,01/01/2024,21.571221831588787,0.07846330694101478,0.0
45292.957031,82687.47839983553,01/01/2024,19.62478683699792,0.07075500305114368,0.0
45293.0,86400.0,01/02/2024,18.31101824664058,0.07722140267875521,0.0
45293.042969,90112.52160016447,01/02/2024,17.349244532390834,0.07658627656793549,0.0
45293.082031,93487.47839983553,01/02/2024,16.59546622960365,0.06909169066681597,0.0
45293.125,97200.0,01/02/2024,16.00645557986536,0.07541934301363895,0.0
45293.167969,100912.52160016447,01/02/2024,15.514081671834887,0.07483608990302226,0.0
45293.207031,104287.47839983553,01/02/2024,15.102686048738967,0.0675243729375441,0.0
45293.25,108000.0,01/02/2024,14.759842846511361,0.07373678951522855,0.0
45293.292969,111712.52160016447,01/02/2024,14.459989175937139,0.07317632164142829,0.0
45293.332031,115087.47839983553,01/02/2024,14.194402334902279,0.06605315213467433,0.0
45293.375,118800.0,01/02/2024,13.97223172665636,0.07214938507369695,0.0
45293.417969,122512.52160016447,01/02/2024,13.776016569717761,0.07162483628186234,0.0
45293.457031,125887.47839983553,01/02/2024,13.592381283005707,0.06467470962198574,0.0
45293.5,129600.0,01/02/2024,13.434019886695765,0.07066859928495184,0.0
45293.542969,133312.52160016447,01/02/2024,13.293350450114929,0.07018055852804528,0.0
45293.582031,136687.47839983553,01/02/2024,13.16287265934288,0.06339220581412075,0.0
45293.625,140400.0,01/02/2024,13.053883528068766,0.06929086414163388,0.0
45293.667969,144112.52160016447,01/02/2024,12.955520312865708,0.06883677979635161,0.0
45293.707031,147487.47839983553,01/02/2024,12.858749251185515,0.0621989330877426,0.0
45293.75,151200.0,01/02/2024,12.776058236219356,0.0680089767733052,0.0
45293.792969,154912.52160016447,01/02/2024,12.70099472135324,0.06758647532165973,0.0
45293.832031,158287.47839983553,01/02/2024,12.627193387400872,0.061088656873620195,0.0
45293.875,162000.0,01/02/2024,12.566549634302966,0.06681623730792019,0.0
45293.917969,165712.52160016447,01/02/2024,12.512612754647726,0.06642311092221664,0.0
45293.957031,169087.47839983553,01/02/2024,12.459058336236247,0.060055573986239175,0.0
45294.0,172800.0,01/03/2024,12.417524758127762,0.06570641509934383,0.0
45294.042969,176512.52160016447,01/03/2024,12.380805376537566,0.06534061055247564,0.0
45294.082031,179887.47839983553,01/03/2024,12.341179671834489,0.059094290298741026,0.0
45294.125,183600.0,01/03/2024,12.310453390747359,0.06467371411578293,0.0
45294.167969,187312.52160016447,01/03/2024,12.282696719555656,0.06433332179156981,0.0
45294.207031,190687.47839983553,01/03/2024,12.25206651083619,0.05819978628234779,0.0
45294.25,194400.0,01/03/2024,12.230149258074157,0.06371274412208239,0.0
45294.292969,198112.52160016447,01/03/2024,12.211035250917611,0.0633959879523287,0.0
45294.332031,201487.47839983553,01/03/2024,12.188932648514083,0.05736739523607781,0.0
45294.375,205200.0,01/03/2024,12.175241142113961,0.06281849104439274,0.0
45294.417969,208912.52160016447,01/03/2024,12.16413486566666,0.06252371851561556,0.0
45294.457031,212287.47839983553,01/03/2024,12.149877644448502,0.05659277460601597,0.0
45294.5,216000.0,01/03/2024,12.143713939001163,0.061986292109249774,0.0
45294.542969,219712.52160016447,01/03/2024,12.139885907872372,0.061711967363343945,0.0
45294.582031,223087.47839983553,01/03/2024,12.13272779836447,0.055871886786103,0.0
45294.625,226800.0,01/03/2024,12.133229610277759,0.061211809169472886,0.0
45294.667969,230512.52160016447,01/03/2024,12.13504611591462,0.06095650225751825,0.0
45294.707031,233887.47839983553,01/03/2024,12.132356930244214,0.05520081299713464,0.0
45294.75,237600.0,01/03/2024,12.136237942928403,0.060491009466333345,0.0
45294.792969,241312.52160016447,01/03/2024,12.141161337729788,0.0602533912930312,0.0
45294.832031,244687.47839983553,01/03/2024,12.14168789032739,0.05457655017811813,0.0
45294.875,248400.0,01/03/2024,12.148718031214656,0.05982013891346938,0.0
45294.917969,252112.52160016447,01/03/2024,12.156777006702061,0.05959897338851672,0.0
45294.957031,255487.47839983553,01/03/2024,12.160472367140752,0.05399535867081706,0.0
45295.0,259200.0,01/04/2024,12.170588077524158,0.059195708618139165,0.0
45295.042969,262912.5216001645,01/04/2024,12.181697925277724,0.05898984558886955,0.0
45295.082031,266287.4783998355,01/04/2024,12.188452307040478,0.05345438030169536,0.0
45295.125,270000.0,01/04/2024,12.201526780807736,0.05861447198515801,0.0
45295.167969,273712.5216001645,01/04/2024,12.215539624734081,0.058422842340283054,0.0
45295.207031,277087.4783998355,01/04/2024,12.225200430089902,0.05295080427997867,0.0
45295.25,280800.0,01/04/2024,12.241083843073852,0.05807341155493173,0.0
45295.292969,284512.5216001645,01/04/2024,12.257868863744623,0.057895019318643826,0.0
45295.332031,287887.4783998355,01/04/2024,12.270290880527803,0.0524820156560688,0.0
45295.375,291600.0,01/04/2024,12.288840598997986,0.05756971705463876,0.0
45295.417969,295312.5216001645,01/04/2024,12.308234238424006,0.0574036386245238,0.0
45295.457031,298687.4783998355,01/04/2024,12.323259823124353,0.05204558335103471,0.0
45295.5,302400.0,01/04/2024,12.344300602381296,0.05710077832554994,0.0
45295.542969,306112.5216001645,01/04/2024,12.366116754990433,0.05694615138916337,0.0
45295.582031,309487.4783998355,01/04/2024,12.383406002685412,0.05163924657137198,0.0
45295.625,313200.0,01/04/2024,12.406220169178255,0.0566641654179838,0.0
45295.667969,316912.5216001645,01/04/2024,12.429370360215525,0.05652019023511912,0.0
45295.707031,320287.4783998355,01/04/2024,12.44774126173968,0.05126090077402701,0.0
45295.75,324000.0,01/04/2024,12.471598881576494,0.05625761864312828,0.0
45295.792969,327712.5216001645,01/04/2024,12.495812433236644,0.05612355096825894,0.0
45295.832031,331087.4783998355,01/04/2024,12.515291023839325,0.05090858985100688,0.0
45295.875,334800.0,01/04/2024,12.540230062095198,0.05587903745783862,0.0
45295.917969,338512.5216001645,01/04/2024,12.565524247114066,0.055754184188702816,0.0
45295.957031,341887.4783998355,01/04/2024,12.586124742003982,0.05058049413978516,0.0
45296.0,345600.0,01/05/2024,12.61215120929618,0.055526466350701575,0.0
45296.042969,349312.5216001645,01/05/2024,12.638531394254123,0.05541018379335316,0.0
45296.082031,352687.4783998355,01/05/2024,12.66024631602896,0.050274921006039364,0.0
45296.125,356400.0,01/05/2024,12.687344404354103,0.05519808762464251,0.0
45296.167969,360112.5216001645,01/05/2024,12.71479418166846,0.055089776666903845,0.0
45296.207031,363487.4783998355,01/05/2024,12.73760447852274,0.04999029632152929,0.0
45296.25,367200.0,01/05/2024,12.76576668960665,0.0548922103587568,0.0
45296.292969,370912.5216001645,01/05/2024,12.794278003963264,0.05479131415017857,0.0
45296.332031,374287.4783998355,01/05/2024,12.818163160557294,0.04972515589601745,0.0
45296.375,378000.0,01/05/2024,12.847370423007625,0.05460726175763675,0.0
45296.417969,381712.5216001645,01/05/2024,12.876913685208056,0.054513261535901414,0.0
45296.457031,385087.4783998355,01/05/2024,12.90185182354891,0.049478137779241926,0.0
45296.5,388800.0,01/05/2024,12.932083602878727,0.05434177909891247,0.0
45296.542969,392512.5216001645,01/05/2024,12.962637796427071,0.05425419309885715,0.0
45296.582031,395887.4783998355,01/05/2024,12.988605772275296,0.049247975492943574,0.0
45296.625,399600.0,01/05/2024,13.019830174448366,0.05409440182902436,0.0
45296.667969,403312.5216001645,01/05/2024,13.051372956595323,0.05401278169381385,0.0
45296.707031,406687.4783998355,01/05/2024,13.078336447707558,0.04903349051409034,0.0
45296.75,410400.0,01/05/2024,13.110520312573536,0.05386386443220559,0.0
45296.792969,414112.5216001645,01/05/2024,13.143018106175083,0.05378779321538918,0.0
45296.832031,417487.4783998355,01/05/2024,13.170941694624192,0.04883358793418502,0.0
45296.875,421200.0,01/05/2024,13.20406068484756,0.053648989611370546,0.0
45296.917969,424912.5216001645,01/05/2024,13.237478765015874,0.053578079810177925,0.0
45296.957031,428287.4783998355,01/05/2024,13.266316012984168,0.0486472477548503,0.0
45297.0,432000.0,01/06/2024,13.300294696775167,0.05344868324177465,0.0
45297.042969,435712.5216001645,01/06/2024,13.334427270865957,0.05338257351032283,0.0
45297.082031,439087.4783998355,01/06/2024,13.363830793250544,0.04847352200456534,0.0
45297.125,442800.0,01/06/2024,13.398202720415659,0.053261926864702325,0.0
45297.167969,446512.5216001645,01/06/2024,13.432703002844212,0.053200281946738315,0.0
45297.207031,449887.4783998355,01/06/2024,13.462494532660473,0.048311529808256815,0.0
45297.25,453600.0,01/06/2024,13.497252306214166,0.05308777334300885,0.0
45297.292969,457312.5216001645,01/06/2024,13.532142587783339,0.05303028125365117,0.0
45297.332031,460687.4783998355,01/06/2024,13.56234303809,0.04816045014247372,0.0
45297.375,464400.0,01/06/2024,13.597498380262438,0.05292534211976019,0.0
45297.417969,468112.5216001645,01/06/2024,13.63279009282501,0.05287171201195129,0.0
45297.457031,471487.4783998355,01/06/2024,13.66340961405758,0.04801952068597082,0.0
45297.5,475200.0,01/06/2024,13.698973427269449,0.05277381316026997,0.0
45297.542969,478912.5216001645,01/06/2024,13.734667203535887,0.0527237761342878,0.0
45297.582031,482287.4783998355,01/06/2024,13.76571523605608,0.04788803231273242,0.0
45297.625,486000.0,01/06/2024,13.801687661483433,0.05263242489834319,0.0
45297.667969,489712.5216001645,01/06/2024,13.83779339160141,0.05258572935231598,0.0
45297.707031,493087.4783998355,01/06/2024,13.86926871689055,0.047765324955287625,0.0
45297.75,496800.0,01/06/2024,13.905659186125677,0.052500468905623876,0.0
45297.792969,500512.5216001645,01/06/2024,13.942186067705594,0.05245688132408688,0.0
45297.832031,503887.4783998355,01/06/2024,13.974086852506266,0.047650784909668786,0.0
45297.875,507600.0,01/06/2024,14.01089413825394,0.052377285446191024,0.0
45297.917969,511312.5216001645,01/06/2024,14.04783072714376,0.05233658861574497,0.0
45297.957031,514687.4783998355,01/06/2024,14.080154568398571,0.047543841024523914,0.0
45298.0,518400.0,01/07/2024,14.117366830543668,0.05226226186489846,0.0
45298.042969,522112.5216001645,01/07/2024,14.154721084416332,0.052224253732562786,0.0
45298.082031,525487.4783998355,01/07/2024,14.187465047339677,0.04744396293682129,0.0
45298.125,529200.0,01/07/2024,14.225089875416563,0.0521548274189545,0.0
45298.167969,532912.5216001645,01/07/2024,14.26285919574917,0.05211932034785782,0.0
45298.207031,536287.4783998355,01/07/2024,14.296029852487544,0.047350656327475704,0.0
45298.25,540000.0,01/07/2024,14.33406430468605,0.05205445217385396,0.0
45298.292969,543712.5216001645,01/07/2024,14.372235575925318,0.05202127084880992,0.0
45298.332031,547087.4783998355,01/07/2024,14.405819038311394,0.047263462450400695,0.0
45298.375,550800.0,01/07/2024,14.444259681076835,0.0519606425591963,0.0
45298.417969,554512.5216001645,01/07/2024,14.482839305972972,0.05192962464030515,0.0
45298.457031,557887.4783998355,01/07/2024,14.516831260038137,0.04718195382000445,0.0
45298.5,561600.0,01/07/2024,14.555674199657345,0.051872939699901366,0.0
45298.542969,565312.5216001645,01/07/2024,14.594648133556626,0.05184393400953802,0.0
45298.582031,568687.4783998355,01/07/2024,14.629043726709762,0.047105593312068095,0.0
45298.625,572400.0,01/07/2024,14.668284643355472,0.05179091631207733,0.0
45298.667969,576112.5216001645,01/07/2024,14.707658426095135,0.05176378227550593,0.0
45298.707031,579487.4783998355,01/07/2024,14.742462856660714,0.04703443055617562,0.0
45298.75,583200.0,01/07/2024,14.78209703323727,0.05171417640284659,0.0
45298.792969,586912.5216001645,01/07/2024,14.821865816615551,0.05168878345152628,0.0
45298.832031,590287.4783998355,01/07/2024,14.857063519496462,0.046967702333359895,0.0
45298.875,594000.0,01/07/2024,14.897085869503472,0.05164234999937101,0.0
45298.917969,597712.5216001645,01/07/2024,14.937234445798259,0.051618576254711,0.0
45298.957031,601087.4783998355,01/07/2024,14.972809675519079,0.046905229837632234,0.0
45299.0,604800.0,01/08/2024,15.013204770156117,0.05157509434735452,0.0
45299.042969,608512.5216001645,01/08/2024,15.053717596651074,0.0515528265614833,0.0
45299.082031,611887.4783998355,01/08/2024,15.089664310874655,0.046846714393838695,0.0
45299.125,615600.0,01/08/2024,15.130396400236902,0.05151208936923446,0.0
45299.167969,619312.5216001645,01/08/2024,15.171177622294353,0.05149122206161927,0.0
45299.207031,622687.4783998355,01/08/2024,15.207329502066669,0.04679187995684053,0.0
45299.25,626400.0,01/08/2024,15.248212540476215,0.0514530383133156,0.0
45299.292969,630112.5216001645,01/08/2024,15.28914601462821,0.05143347386671948,0.0
45299.332031,633487.4783998355,01/08/2024,15.325456484078293,0.04674046905110352,0.0
45299.375,637200.0,01/08/2024,15.366504149217326,0.05139766512558808,0.0
45299.417969,640912.5216001645,01/08/2024,15.4076034619443,0.05137931255872452,0.0
45299.457031,644287.4783998355,01/08/2024,15.444085705045056,0.04669224317450826,0.0
45299.5,648000.0,01/08/2024,15.485301417615796,0.051345712337408145,0.0
45299.542969,651712.5216001645,01/08/2024,15.526569904478334,0.051328486909323345,0.0
45299.582031,655087.4783998355,01/08/2024,15.56322688379696,0.04664697931642081,0.0
45299.625,658800.0,01/08/2024,15.60461382483892,0.051296941131871776,0.0
45299.667969,662512.5216001645,01/08/2024,15.646054589110419,0.05128076377456914,0.0
45299.707031,665887.4783998355,01/08/2024,15.682889059106232,0.04660447015849556,0.0
45299.75,669600.0,01/08/2024,15.724450188221462,0.051251129166482556,0.0
45299.792969,673312.5216001645,01/08/2024,15.766066115482007,0.0512359272056937,0.0
45299.832031,676687.4783998355,01/08/2024,15.803080639103664,0.04656452323906102,0.0
45299.875,680400.0,01/08/2024,15.844808708938336,0.05120806972012559,0.0
45299.917969,684112.5216001645,01/08/2024,15.886602483691211,0.05119377474213316,0.0
45299.957031,687487.4783998355,01/08/2024,15.923799443970056,0.0465269603041758,0.0
45300.0,691200.0,01/09/2024,15.965707014594964,0.05116757038616093,0.0
45300.042969,694912.5216001645,01/09/2024,16.007681133946924,0.051154119022681854,0.0
45300.082031,698287.4783998355,01/09/2024,16.045062748111626,0.046491613722025704,0.0
45300.125,702000.0,01/09/2024,16.087152200416696,0.05112945232329125,0.0
45300.167969,705712.5216001645,01/09/2024,16.12929898613833,0.05111678563390498,0.0
45300.207031,709087.4783998355,01/09/2024,16.166857315387205,0.04645832939679195,0.0
45300.25,712800.0,01/09/2024,16.20912086455403,0.051093549145864614,0.0
45300.292969,716512.5216001645,01/09/2024,16.251452476985456,0.051081612289927136,0.0
45300.332031,719887.4783998355,01/09/2024,16.289199440129153,0.04642696298819793,0.0
45300.375,723600.0,01/09/2024,16.331649146469985,0.05105970582244623,0.0
45300.417969,727312.5216001645,01/09/2024,16.37415759433962,0.05104844809204856,0.0
45300.457031,730687.4783998355,01/09/2024,16.412084974872478,0.04639738048459563,0.0
45300.5,734400.0,01/09/2024,16.45471275411952,0.051027779255022665,0.0
45300.542969,738112.5216001645,01/09/2024,16.497399906884617,0.051017152366194196,0.0
45300.582031,741487.4783998355,01/09/2024,16.535509364337116,0.04636945729427566,0.0
45300.625,745200.0,01/09/2024,16.578316998694362,0.05099763469300811,0.0
45300.667969,748912.5216001645,01/09/2024,16.621184594172846,0.05098759512417317,0.0
45300.707031,752287.4783998355,01/09/2024,16.65947767168865,0.04634307744623278,0.0
45300.75,756000.0,01/09/2024,16.702466973615195,0.050968862444561225,0.0
45300.792969,759712.5216001645,01/09/2024,16.745526066798305,0.05095813002042249,0.0
45300.832031,763087.4783998355,01/09/2024,16.010962987883048,0.04631674020424903,0.0
45300.875,766800.0,01/09/2024,12.608933976686332,0.050940795800725525,0.0
45300.917969,770512.5216001645,01/09/2024,10.976575984924418,0.0509319293270849,0.0
45300.957031,773887.4783998355,01/09/2024,10.039669482661443,0.04629344152909276,0.0
45301.0,777600.0,01/10/2024,9.42248540997941,0.05091591672477591,0.0
45301.042969,781312.5216001645,01/10/2024,8.978153004215534,0.050907588446252205,0.0
45301.082031,784687.4783998355,01/10/2024,8.635604728562525,0.046271719899937835,0.0
45301.125,788400.0,01/10/2024,8.368926941386212,0.05089220843697362,0.0
45301.167969,792112.5216001645,01/10/2024,8.154081198152953,0.05088425166567312,0.0
45301.207031,795487.4783998355,01/10/2024,7.970692162233396,0.04625096061914036,0.0
45301.25,799200.0,01/10/2024,7.82566181069121,0.050869644769839795,0.0
45301.292969,802912.5216001645,01/10/2024,7.700863801469568,0.05086198269873066,0.0
45301.332031,806287.4783998355,01/10/2024,7.589854761544215,0.04623095196620852,0.0
45301.375,810000.0,01/10/2024,7.50064272406601,0.0508479539205684,0.0
45301.417969,813712.5216001645,01/10/2024,7.425593399445296,0.05084066660035802,0.0
45301.457031,817087.4783998355,01/10/2024,7.355105210557182,0.04621180398785185,0.0
45301.5,820800.0,01/10/2024,7.297812453249007,0.05082723531577393,0.0
45301.542969,824512.5216001645,01/10/2024,7.248812761731164,0.050820302021346464,0.0
45301.582031,827887.4783998355,01/10/2024,7.203016353346934,0.04619358615559932,0.0
45301.625,831600.0,01/10/2024,7.169133875053609,0.05080751577611231,0.0
45301.667969,835312.5216001645,01/10/2024,7.14132479197592,0.050800911817521666,0.0
45301.707031,838687.4783998355,01/10/2024,7.112821030215075,0.046176233707667436,0.0
45301.75,842400.0,01/10/2024,7.0926497609380075,0.05078872609983165,0.0
45301.792969,846112.5216001645,01/10/2024,7.076152194045674,0.050782428463486795,0.0
45301.832031,849487.4783998355,01/10/2024,7.058611884908265,0.04615968622608335,0.0
45301.875,853200.0,01/10/2024,7.049122690423408,0.05077080081384899,0.0
45301.917969,856912.5216001645,01/10/2024,7.042927488378522,0.050764788111617776,0.0
45301.957031,860287.4783998355,01/10/2024,7.035271384512425,0.04614388775937428,0.0
45302.0,864000.0,01/11/2024,7.03521507294961,0.05075367982325574,0.0
45302.042969,867712.5216001645,01/11/2024,7.037873013320334,0.050747932423730546,0.0
45302.082031,871087.4783998355,01/11/2024,7.037681805655568,0.04612878549178845,0.0
45302.125,874800.0,01/11/2024,7.043599119574802,0.05073730724635794,0.0
45302.167969,878512.5216001645,01/11/2024,7.051030932211896,0.05073180609243089,0.0
45302.207031,881887.4783998355,01/11/2024,7.055355268826952,0.04611433136732224,0.0
45302.25,885600.0,01/11/2024,7.065766904339407,0.05072163026308374,0.0
45302.292969,889312.5216001645,01/11/2024,7.07763326796559,0.05071635871887281,0.0
45302.332031,892687.4783998355,01/11/2024,7.086293751792974,0.046100479584904264,0.0
45302.375,896400.0,01/11/2024,7.1009403567006135,0.05070660059941723,0.0
45302.417969,900112.5216001645,01/11/2024,7.116931903259529,0.05070154210095268,0.0
45302.457031,903487.4783998355,01/11/2024,7.129609095167487,0.046087188339473784,0.0
45302.5,907200.0,01/11/2024,7.148161272180014,0.05069217335743481,0.0
45302.542969,910912.5216001645,01/11/2024,7.167928589096066,0.05068731326368159,0.0
45302.582031,914287.4783998355,01/11/2024,7.184263010571291,0.046074418540110074,0.0
45302.625,918000.0,01/11/2024,7.20633131936861,0.05067830566747311,0.0
45302.667969,921712.5216001645,01/11/2024,7.229304816063804,0.05067349394162868,0.0
45302.707031,925087.4783998355,01/11/2024,7.248246952561066,0.04606213378454349,0.0
45302.75,928800.0,01/11/2024,7.272381914389301,0.050664959535785314,0.0
45302.792969,932512.5216001645,01/11/2024,7.297102372426169,0.05066045571746258,0.0
45302.832031,935887.4783998355,01/11/2024,7.317802675040996,0.0460503004776065,0.0
45302.875,939600.0,01/11/2024,7.343694775198552,0.05065209753634292,0.0
45302.917969,943312.5216001645,01/11/2024,7.370162531147587,0.05064775341746497,0.0
45302.957031,946687.4783998355,01/11/2024,7.392591419657746,0.046038886590496375,0.0
45303.0,950400.0,01/12/2024,7.420191108294011,0.05063968719208667,0.0
45303.042969,954112.5216001645,01/12/2024,7.448346601458093,0.050635491351890494,0.0
45303.082031,957487.4783998355,01/12/2024,7.47244446625473,0.046027862901970806,0.0
45303.125,961200.0,01/12/2024,7.501682163367748,0.05062769565018854,0.0
45303.167969,964912.5216001645,01/12/2024,7.531445802996695,0.050623637764340756,0.0
45303.207031,968287.4783998355,01/12/2024,7.5571230071519135,0.046017202916427635,0.0
45303.25,972000.0,01/12/2024,7.587919102409254,0.050616093726230105,0.0
45303.292969,975712.5216001645,01/12/2024,7.619211268875295,0.050612164963467876,0.0
45303.332031,979087.4783998355,01/12/2024,7.646388150474488,0.04600688052798496,0.0
45303.375,982800.0,01/12/2024,7.678653007270784,0.05060485554534999,0.0
45303.417969,986512.5216001645,01/12/2024,7.7113840549436095,0.05060104637932561,0.0
45303.457031,989887.4783998355,01/12/2024,7.739970928166967,0.04599687217723414,0.0
45303.5,993600.0,01/12/2024,7.773604883870421,0.050593954431301214,0.0
45303.542969,997312.5216001645,01/12/2024,7.807675141433842,0.050590256541307,0.0
45303.582031,1000687.4783998355,01/12/2024,7.837552418569784,0.045987276610707895,0.0
45303.625,1004400.0,01/12/2024,7.8722958040426025,0.050583384061251735,0.0
45303.667969,1008112.5216001645,01/12/2024,7.907255578198447,0.05057977327694019,0.0
45303.707031,1011487.4783998355,01/12/2024,7.937833291674812,0.045977712755636446,0.0
45303.75,1015200.0,01/12/2024,7.973236365848004,0.05057307313894199,0.0
45303.792969,1018912.5216001645,01/12/2024,8.00885594138798,0.0505695747338617,0.0
45303.832031,1022287.4783998355,01/12/2024,8.040094464030203,0.04596852184080191,0.0
45303.875,1026000.0,01/12/2024,8.076157515059405,0.050563050389532904,0.0
45303.917969,1029712.5216001645,01/12/2024,8.112437157686147,0.05055964159323345,0.0
45303.957031,1033087.4783998355,01/12/2024,8.144336725167593,0.045959566604691915,0.0
45304.0,1036800.0,01/13/2024,8.181050005975207,0.050553280543521595,0.0
45304.042969,1040512.5216001645,01/13/2024,8.217979961753874,0.050549955092588306,0.0
45304.082031,1043887.4783998355,01/13/2024,8.250530792657726,0.04595083038461567,0.0
45304.125,1047600.0,01/13/2024,8.287884538815204,0.050543745695605935,0.0
45304.167969,1051312.5216001645,01/13/2024,8.325455037365183,0.05054049777570313,0.0
45304.207031,1054687.4783998355,01/13/2024,8.358637335529389,0.0459422976789412,0.0
45304.25,1058400.0,01/13/2024,8.396621765885003,0.05053442970979205,0.0
45304.292969,1062112.5216001645,01/13/2024,8.434813020641839,0.05053125423296834,0.0
45304.332031,1065487.4783998355,01/13/2024,8.468606975737762,0.045933954778398345,0.0
45304.375,1069200.0,01/13/2024,8.507192293817598,0.05052531769115376,0.0
45304.417969,1072912.5216001645,01/13/2024,8.545974503470495,0.05052220903167637,0.0
45304.457031,1076287.4783998355,01/13/2024,8.580360292053543,0.045925788013324365,0.0
45304.5,1080000.0,01/13/2024,8.619536687496202,0.05051639456572232,0.0
45304.542969,1083712.5216001645,01/13/2024,8.658900036901604,0.05051334891230752,0.0
45304.582031,1087087.4783998355,01/13/2024,8.693857822898634,0.04591778535059987,0.0
45304.625,1090800.0,01/13/2024,8.7335954717354,0.05050764829509191,0.0
45304.667969,1094512.5216001645,01/13/2024,8.773520132459153,0.050504660466259566,0.0
45304.707031,1097887.4783998355,01/13/2024,8.809040068486672,0.04590993564320911,0.0
45304.75,1101600.0,01/13/2024,8.849329134923801,0.050499065787203534,0.0
45304.792969,1105312.5216001645,01/13/2024,8.88979526723901,0.05049613201975234,0.0
45304.832031,1108687.4783998355,01/13/2024,8.925847495160776,0.04590222774591979,0.0
45304.875,1112400.0,01/13/2024,8.966658131545797,0.05049063615582483,0.0
45304.917969,1116112.5216001645,01/13/2024,9.007635884469385,0.050487752416700005,0.0
45304.957031,1119487.4783998355,01/13/2024,9.044190536693518,0.0458946517808414,0.0
45305.0,1123200.0,01/14/2024,9.085492885543998,0.0504823482707728,0.0
45305.042969,1126912.5216001645,01/14/2024,9.12692239745177,0.050479511646912556,0.0
45305.082031,1130287.4783998355,01/14/2024,9.163839597189943,0.045887199355153285,0.0
45305.125,1134000.0,01/14/2024,9.205423790038997,0.050474192828861675,0.0
45305.167969,1137712.5216001645,01/14/2024,9.247095189713507,0.050471399471817335,0.0
45305.207031,1141087.4783998355,01/14/2024,9.284255050986518,0.04587986113771336,0.0
45305.25,1144800.0,01/14/2024,9.3260912112522,0.050466160086138245,0.0
45305.292969,1148512.5216001645,01/14/2024,9.368004618851048,0.05046340725663612,0.0
45305.332031,1151887.4783998355,01/14/2024,9.405417248569035,0.04587262942478887,0.0
45305.375,1155600.0,01/14/2024,9.4474954904672,0.0504582415122421,0.0
45305.417969,1159312.5216001645,01/14/2024,9.489661017486542,0.05045552668012121,0.0
45305.457031,1162687.4783998355,01/14/2024,9.527316514958768,0.045865497141544864,0.0
45305.5,1166400.0,01/14/2024,9.569646944870398,0.05045042969610236,0.0
45305.542969,1170112.5216001645,01/14/2024,9.612054695265764,0.050447749985352175,0.0
45305.582031,1173487.4783998355,01/14/2024,9.64996315216691,0.04585845683740786,0.0
45305.625,1177200.0,01/14/2024,9.692535869512396,0.05044271728574046,0.0
45305.667969,1180912.5216001645,01/14/2024,9.735185939753409,0.0504400699660259,0.0
45305.707031,1184287.4783998355,01/14/2024,9.773337441996576,0.04585150211915234,0.0
45305.75,1188000.0,01/14/2024,9.816152538708996,0.05043509657344103,0.0
45305.792969,1191712.5216001645,01/14/2024,9.85904501891841,0.050432479947517095,0.0
45305.832031,1195087.4783998355,01/14/2024,9.897439646883369,0.04584462786228016,0.0
45305.875,1198800.0,01/14/2024,9.940497209123398,0.05042756201422449,0.0
45305.917969,1202512.5216001645,01/14/2024,9.983632182760426,0.05042497339995222,0.0
45305.957031,1205887.4783998355,01/14/2024,10.022260010556886,0.04583782747026177,0.0
45306.0,1209600.0,01/15/2024,10.065550118084998,0.05042010735082059,0.0
45306.042969,1213312.5216001645,01/15/2024,10.10891766313909,0.05041754508762608,0.0
45306.082031,1216687.4783998355,01/15/2024,10.147778759833676,0.045831096317943576,0.0
45306.125,1220400.0,01/15/2024,10.191301486951799,0.05041272709220834,0.0
45306.167969,1224112.5216001645,01/15/2024,10.234901676466547,0.05041018908412909,0.0
45306.207031,1227487.4783998355,01/15/2024,10.27399610643315,0.04582442989072533,0.0
45306.25,1231200.0,01/15/2024,10.317741522231204,0.050405415819238186,0.0
45306.292969,1234912.5216001645,01/15/2024,10.361564423518479,0.050402901197582395,0.0
45306.332031,1238287.4783998355,01/15/2024,10.40088224715676,0.0458178234690223,0.0
45306.375,1242000.0,01/15/2024,10.444850416420598,0.05039816931068586,0.0
45306.417969,1245712.5216001645,01/15/2024,10.488896092163108,0.05039567566319292,0.0
45306.457031,1249087.4783998355,01/15/2024,10.528427364930701,0.04581127265419127,0.0
45306.5,1252800.0,01/15/2024,10.572618347727206,0.05039098224948546,0.0
45306.542969,1256512.5216001645,01/15/2024,10.61687685653889,0.050388508967323276,0.0
45306.582031,1259887.4783998355,01/15/2024,10.656631630710665,0.04580477386099702,0.0
45306.625,1263600.0,01/15/2024,10.70103548287001,0.050383851928920365,0.0
45306.667969,1267312.5216001645,01/15/2024,10.745506879350783,0.05038139625261806,0.0
45306.707031,1270687.4783998355,01/15/2024,10.78546520325826,0.04579832376571602,0.0
45306.75,1274400.0,01/15/2024,10.830081976239212,0.05037677310820854,0.0
45306.792969,1278112.5216001645,01/15/2024,10.874766311200412,0.050374334875122884,0.0
45306.832031,1281487.4783998355,01/15/2024,10.914938230026051,0.04579191878182698,0.0
45306.875,1285200.0,01/15/2024,10.95975797297841,0.05036974276394801,0.0
45306.917969,1288912.5216001645,01/15/2024,11.004645293515805,0.05036732050224302,0.0
45306.957031,1292287.4783998355,01/15/2024,11.045020849040865,0.04578555528063788,0.0
45307.0,1296000.0,01/16/2024,11.090033606743008,0.05036275782032362,0.0
45307.042969,1299712.5216001645,01/16/2024,11.135113957321094,0.05036035046927978,0.0
45307.082031,1303087.4783998355,01/16/2024,11.175673188948194,0.04577923141698648,0.0
45307.125,1306800.0,01/16/2024,11.22086900362301,0.05035581468887429,0.0
45307.167969,1310512.5216001645,01/16/2024,11.266102424972447,0.050353421175348245,0.0
45307.207031,1313887.4783998355,01/16/2024,11.306785368934092,0.04577294375730645,0.0
45307.25,1317600.0,01/16/2024,11.352084279621215,0.05034891042220835,0.0
45307.292969,1321312.5216001645,01/16/2024,11.397410809859624,0.05034652983962218,0.0
45307.332031,1324687.4783998355,01/16/2024,11.4381875000588,0.04576669006817369,0.0
45307.375,1328400.0,01/16/2024,11.483569543455216,0.05034204318395297,0.0
45307.417969,1332112.5216001645,01/16/2024,11.528989218123703,0.05033967466354028,0.0
45307.457031,1335487.4783998355,01/16/2024,11.569859686097383,0.04576046826746705,0.0
45307.5,1339200.0,01/16/2024,11.615334895716812,0.05033520970970784,0.0
45307.542969,1342912.5216001645,01/16/2024,11.660847748303839,0.05033285238523888,0.0
45307.582031,1346287.4783998355,01/16/2024,11.701812023999027,0.04575427542227217,0.0
45307.625,1350000.0,01/16/2024,11.74738043195421,0.05032840789750992,0.0
45307.667969,1353712.5216001645,01/16/2024,11.79298649335347,0.050326061042813564,0.0
45307.707031,1357087.4783998355,01/16/2024,11.834044603809007,0.04574811031448789,0.0
45307.75,1360800.0,01/16/2024,11.879706239309614,0.050321635628233,0.0
45307.792969,1364512.5216001645,01/16/2024,11.925405537856493,0.05031929851604389,0.0
45307.832031,1367887.4783998355,01/16/2024,11.966557508847751,0.045741970820323274,0.0
45307.875,1371600.0,01/16/2024,12.012312399881617,0.05031489089575203,0.0
45307.917969,1375312.5216001645,01/16/2024,12.05809496269948,0.050312562589976295,0.0
45307.957031,1378687.4783998355,01/16/2024,12.099340817851472,0.04573585518240009,0.0
45308.0,1382400.0,01/17/2024,12.145188989604412,0.050308171556181946,0.0
45308.042969,1386112.5216001645,01/17/2024,12.191064841556779,0.050305852267975126,0.0
45308.082031,1389487.4783998355,01/17/2024,12.232404603459338,0.04572976156181241,0.0
45308.125,1393200.0,01/17/2024,12.27834607992901,0.0503014766856289,0.0
45308.167969,1396912.5216001645,01/17/2024,12.324315244667366,0.05029916475712071,0.0
45308.207031,1400287.4783998355,01/17/2024,12.365748933547112,0.04572368896674206,0.0
45308.25,1404000.0,01/17/2024,12.411783736982605,0.050294803304236524,0.0
45308.292969,1407712.5216001645,01/17/2024,12.457846236477254,0.05029249902820965,0.0
45308.332031,1411087.4783998355,01/17/2024,12.499363872314293,0.045717635737059226,0.0
45308.375,1414800.0,01/17/2024,12.545492023810207,0.0502881513099922,0.0
45308.417969,1418512.5216001645,01/17/2024,12.591647877978803,0.05028585362121163,0.0
45308.457031,1421887.4783998355,01/17/2024,12.633259478356345,0.04571160057399126,0.0
45308.5,1425600.0,01/17/2024,12.679470997292404,0.050281518751816634,0.0
45308.542969,1429312.5216001645,01/17/2024,12.725720225193763,0.050279228031829604,0.0
45308.582031,1432687.4783998355,01/17/2024,12.767425807186571,0.04570558200927621,0.0
45308.625,1436400.0,01/17/2024,12.8137307112276,0.05027490429590742,0.0
45308.667969,1440112.5216001645,01/17/2024,12.860063330221097,0.0502726190141729,0.0
45308.707031,1443487.4783998355,01/17/2024,12.90185290934202,0.04569957917810186,0.0
45308.75,1447200.0,01/17/2024,12.948251216051807,0.05026830620910516,0.0
45308.792969,1450912.5216001645,01/17/2024,12.994677243143625,0.05026602679387082,0.0
45308.832031,1454287.4783998355,01/17/2024,13.036560834104199,0.045693591042180515,0.0
45308.875,1458000.0,01/17/2024,13.083042558838612,0.050261724211857484,0.0
45308.917969,1461712.5216001645,01/17/2024,13.12955200907354,0.05025945029755974,0.0
45308.957031,1465087.4783998355,01/17/2024,13.171519626058602,0.04568761688652856,0.0
45309.0,1468800.0,01/18/2024,13.218084783299217,0.05025515726166674,0.0
45309.042969,1472512.5216001645,01/18/2024,13.264687671106907,0.05025288822302443,0.0
45309.082031,1475887.4783998355,01/18/2024,13.306749326461992,0.04568165528355905,0.0
45309.125,1479600.0,01/18/2024,13.353407930342817,0.0502486040705179,0.0
45309.167969,1483312.5216001645,01/18/2024,13.40009426929407,0.050246339030888265,0.0
45309.207031,1486687.4783998355,01/18/2024,13.442239975102764,0.04567570563932932,0.0
45309.25,1490400.0,01/18/2024,13.488982038356815,0.05024206352143068,0.0
45309.292969,1494112.5216001645,01/18/2024,13.535751840883394,0.050239802994017424,0.0
45309.332031,1497487.4783998355,01/18/2024,13.577981608440608,0.04566976720789029,0.0
45309.375,1501200.0,01/18/2024,13.624807143206814,0.050235534712538055,0.0
45309.417969,1504912.5216001645,01/18/2024,13.671660421423793,0.05023327817549372,0.0
45309.457031,1508287.4783998355,01/18/2024,13.713974260973812,0.0456638392562958,0.0
45309.5,1512000.0,01/18/2024,13.760883278516813,0.05022901741924102,0.0
45309.542969,1515712.5216001645,01/18/2024,13.807820043120005,0.050226764631407406,0.0
45309.582031,1519087.4783998355,01/18/2024,13.850217964398654,0.04565792106078348,0.0
45309.625,1522800.0,01/18/2024,13.897210475108812,0.05022251098386832,0.0
45309.667969,1526512.5216001645,01/18/2024,13.944230736477353,0.05022026137875102,0.0
45309.707031,1529887.4783998355,01/18/2024,13.986712748382649,0.04565201206402847,0.0
45309.75,1533600.0,01/18/2024,14.033788762403807,0.050216013822801386,0.0
45309.792969,1537312.5216001645,01/18/2024,14.080892530094475,0.05021376749132145,0.0
45309.832031,1540687.4783998355,01/18/2024,14.123458641853775,0.04564611134277996,0.0
45309.875,1544400.0,01/18/2024,14.170608168141621,0.050209526179383346,0.0
45309.917969,1548112.5216001645,01/18/2024,14.21778545137625,0.050207283183119955,0.0
45309.957031,1551487.4783998355,01/18/2024,14.260425670590427,0.04564021893243719,0.0
45310.0,1555200.0,01/19/2024,14.307658717820422,0.050203047191420325,0.0
45310.042969,1558912.5216001645,01/19/2024,14.354909524700057,0.050200806777489504,0.0
45310.082031,1562287.4783998355,01/19/2024,14.397613858723497,0.04563433431166786,0.0
45310.125,1566000.0,01/19/2024,14.444890434696822,0.05019657603466143,0.0
45310.167969,1569712.5216001645,01/19/2024,14.492184773024052,0.0501943385712309,0.0
45310.207031,1573087.4783998355,01/19/2024,14.534923229229362,0.04562845621967426,0.0
45310.25,1576800.0,01/19/2024,14.582233341747225,0.05019011272910845,0.0
45310.292969,1580512.5216001645,01/19/2024,14.6295512195866,0.05018787778742251,0.0
45310.332031,1583887.4783998355,01/19/2024,14.672323804277523,0.045622584744794636,0.0
45310.375,1587600.0,01/19/2024,14.719667460547024,0.05018365627963206,0.0
45310.417969,1591312.5216001645,01/19/2024,14.767028884001698,0.050181423424419336,0.0
45310.457031,1594687.4783998355,01/19/2024,14.809835603728507,0.04561671974119719,0.0
45310.5,1598400.0,01/19/2024,14.857212810430033,0.05017720652656976,0.0
45310.542969,1602112.5216001645,01/19/2024,14.904607786687455,0.05017497643920166,0.0
45310.582031,1605487.4783998355,01/19/2024,14.947448646983458,0.04561086004089532,0.0
45310.625,1609200.0,01/19/2024,14.994859410449836,0.05017076331021997,0.0
45310.667969,1612912.5216001645,01/19/2024,15.042287945576666,0.050168535054851304,0.0
45310.707031,1616287.4783998355,01/19/2024,15.085162951941507,0.04560500660932476,0.0
45310.75,1620000.0,01/19/2024,15.132607277698641,0.05016432575946794,0.0
45310.792969,1623712.5216001645,01/19/2024,15.180069377201141,0.050162099722538045,0.0
45310.832031,1627087.4783998355,01/19/2024,15.222978534887934,0.04559915780143342,0.0
45310.875,1630800.0,01/19/2024,15.270466428708241,0.05015789401548432,0.0
45310.917969,1634512.5216001645,01/19/2024,15.317962098074412,0.05015566927598414,0.0
45310.957031,1637887.4783998355,01/19/2024,15.360905411827817,0.045593313821736814,0.0
45311.0,1641600.0,01/20/2024,15.408426878889637,0.05015146722293551,0.0
45311.042969,1645312.5216001645,01/20/2024,15.455956123290806,0.050149244198216536,0.0
45311.082031,1648687.4783998355,01/20/2024,15.498943597578071,0.045587474176453924,0.0
45311.125,1652400.0,01/20/2024,15.546498642813235,0.05014504532421071,0.0
45311.167969,1656112.5216001645,01/20/2024,15.594061466896806,0.05014282397183578,0.0
45311.207031,1659487.4783998355,01/20/2024,15.637083106182397,0.04558163931983117,0.0
45311.25,1663200.0,01/20/2024,15.68467173392863,0.050138628107294636,0.0
45311.292969,1666912.5216001645,01/20/2024,15.732278142585733,0.05013640826405208,0.0
45311.332031,1670287.4783998355,01/20/2024,15.775333950529989,0.045575808007797036,0.0
45311.375,1674000.0,01/20/2024,15.822956165685431,0.050132215235851874,0.0
45311.417969,1677712.5216001645,01/20/2024,15.870596162424425,0.05012999657356687,0.0
45311.457031,1681087.4783998355,01/20/2024,15.91368614351004,0.04556998078354013,0.0
45311.5,1684800.0,01/20/2024,15.961351949852036,0.0501258062207981,0.0
45311.542969,1688512.5216001645,01/20/2024,16.009025539247347,0.050123589219872144,0.0
45311.582031,1691887.4783998355,01/20/2024,16.05214969636424,0.045564157436345454,0.0
45311.625,1695600.0,01/20/2024,16.09984909763643,0.05011940139549509,0.0
45311.667969,1699312.5216001645,01/20/2024,16.147556283458393,0.050117185685202514,0.0
45311.707031,1702687.4783998355,01/20/2024,16.190714620266895,0.045558336976874614,0.0
45311.75,1706400.0,01/20/2024,16.238447620526834,0.0501130002297252,0.0
45311.792969,1710112.5216001645,01/20/2024,16.286188406527508,0.05011078576206529,0.0
45311.832031,1713487.4783998355,01/20/2024,16.32939092645971,0.0455525197502773,0.0
45311.875,1717200.0,01/20/2024,16.377157528890642,0.05010660228545305,0.0
45311.917969,1720912.5216001645,01/20/2024,16.424931917981503,0.05010438927420324,0.0
45311.957031,1724287.4783998355,01/20/2024,16.468168623909065,0.04554670584856524,0.0
45312.0,1728000.0,01/21/2024,16.515968831974448,0.05010020793833547,0.0
45312.042969,1731712.5216001645,01/21/2024,16.563786827889324,0.05009799546629168,0.0
45312.082031,1735087.4783998355,01/21/2024,16.60705772273586,0.045540894848990376,0.0
45312.125,1738800.0,01/21/2024,16.654891539305048,0.05009381673679769,0.0
45312.167969,1742512.5216001645,01/21/2024,16.702743144937173,0.0500916052956093,0.0
45312.207031,1745887.4783998355,01/21/2024,16.74604823155891,0.04553508607771661,0.0
45312.25,1749600.0,01/21/2024,16.79391565984885,0.050087427926666095,0.0
45312.292969,1753312.5216001645,01/21/2024,16.8418008780732,0.05008521777917352,0.0
45312.332031,1756687.4783998355,01/21/2024,16.88514015857139,0.045529280713804354,0.0
45312.375,1760400.0,01/21/2024,16.93305120145145,0.05008104255062662,0.0
45312.417969,1764112.5216001645,01/21/2024,16.980970034881054,0.05007883331857954,0.0
45312.457031,1767487.4783998355,01/21/2024,17.024343512179293,0.045523477312872984,0.0
45312.5,1771200.0,01/21/2024,17.072288171678238,0.050074659560319645,0.0
45312.542969,1774912.5216001645,01/21/2024,17.120240623206335,0.05007245151868389,0.0
45312.582031,1778287.4783998355,01/21/2024,17.16364829938763,0.04551767601707368,0.0
45312.625,1782000.0,01/21/2024,17.211626578655036,0.05006827911237011,0.0
45312.667969,1785712.5216001645,01/21/2024,17.259612650297754,0.050066071953455804,0.0
45312.707031,1789087.4783998355,01/21/2024,17.303064527728118,0.04551187751174268,0.0
45312.75,1792800.0,01/21/2024,17.35107642910664,0.05006190143472011,0.0
45312.792969,1796512.5216001645,01/21/2024,17.399096123477015,0.05005969481008066,0.0
45312.832031,1799887.4783998355,01/21/2024,17.442582204239443,0.04550608089902042,0.0
45312.875,1803600.0,01/21/2024,17.49062772975784,0.05005552550809966,0.0
45312.917969,1807312.5216001645,01/21/2024,17.5386810497126,0.050053319940637664,0.0
45312.957031,1810687.4783998355,01/21/2024,17.58220133592659,0.04550028608559842,0.0
45313.0,1814400.0,01/22/2024,17.630280488174037,0.050049152101916405,0.0
45313.042969,1818112.5216001645,01/22/2024,17.678367435467372,0.05004694701950996,0.0
45313.082031,1821487.4783998355,01/22/2024,17.721921929234185,0.045494493769261624,0.0
45313.125,1825200.0,01/22/2024,17.77003470995924,0.05004278084539848,0.0
45313.167969,1828912.5216001645,01/22/2024,17.818155286607286,0.05004057646378257,0.0
45313.207031,1832287.4783998355,01/22/2024,17.861743989486,0.04548870280439843,0.0
45313.25,1836000.0,01/22/2024,17.90989040127785,0.050036411646654955,0.0
45313.292969,1839712.5216001645,01/22/2024,17.958044609314975,0.050034207954290366,0.0
45313.332031,1843087.4783998355,01/22/2024,18.00166752344053,0.04548291392856996,0.0
45313.375,1846800.0,01/22/2024,18.04984756773385,0.05003004438960801,0.0
45313.417969,1850512.5216001645,01/22/2024,18.098035408877756,0.05002784136191707,0.0
45313.457031,1853887.4783998355,01/22/2024,18.14169253526709,0.045477126531757506,0.0
45313.5,1857600.0,01/22/2024,18.189906214090648,0.05002367902968885,0.0
45313.542969,1861312.5216001645,01/22/2024,18.23812769037572,0.050021476362488215,0.0
45313.582031,1864687.4783998355,01/22/2024,18.281819031410286,0.045471341074570404,0.0
45313.625,1868400.0,01/22/2024,18.330066346792847,0.050017315218344294,0.0
45313.667969,1872112.5216001645,01/22/2024,18.378321459955025,0.05001511343488829,0.0
45313.707031,1875487.4783998355,01/22/2024,18.422047016947396,0.04546555698498267,0.0
45313.75,1879200.0,01/22/2024,18.470327969763247,0.05001095341327044,0.0
45313.792969,1882912.5216001645,01/22/2024,18.51861672180042,0.050008751966856835,0.0
45313.832031,1886287.4783998355,01/22/2024,18.562366496327932,0.04545977467836693,0.0
45313.875,1890000.0,01/22/2024,18.61067108944645,0.050004592780474866,0.0
45313.917969,1893712.5216001645,01/22/2024,18.6589734815524,0.05000239216239066,0.0
45313.957031,1897087.4783998355,01/22/2024,18.702737475189586,0.04545399363004066,0.0
45314.0,1900800.0,01/23/2024,18.75105570920484,0.04999823403461434,0.0
45314.042969,1904512.5216001645,01/23/2024,18.79937174335921,0.04999603398271901,0.0
45314.082031,1907887.4783998355,01/23/2024,18.843149957421467,0.045448214295685574,0.0
45314.125,1911600.0,01/23/2024,18.891471834642438,0.04999187715835518,0.0
45314.167969,1915312.5216001645,01/23/2024,18.93980151203901,0.049989677340104066,0.0
45314.207031,1918687.4783998355,01/23/2024,18.983593948100868,0.045442435577125906,0.0
45314.25,1922400.0,01/23/2024,19.03192946968204,0.04998552150621194,0.0
45314.292969,1926112.5216001645,01/23/2024,19.080272792038514,0.04998332251991755,0.0
45314.332031,1929487.4783998355,01/23/2024,19.124069451397098,0.04543665927577578,0.0
45314.375,1933200.0,01/23/2024,19.172418618526635,0.04997916709850614,0.0
45314.417969,1936912.5216001645,01/23/2024,19.22077558700029,0.04997696858231038,0.0
45314.457031,1940287.4783998355,01/23/2024,19.26458647073993,0.04543088350801128,0.0
45314.5,1944000.0,01/23/2024,19.31294928509903,0.049972814665888876,0.0
45314.542969,1947712.5216001645,01/23/2024,19.361309901407566,0.04997061637818945,0.0
45314.582031,1951087.4783998355,01/23/2024,19.405135010545187,0.04542510954880896,0.0
45314.625,1954800.0,01/23/2024,19.45351147388243,0.04996646308308783,0.0
45314.667969,1958512.5216001645,01/23/2024,19.50188573948158,0.049964265537518315,0.0
45314.707031,1961887.4783998355,01/23/2024,19.545725075609973,0.04541933630084216,0.0
45314.75,1965600.0,01/23/2024,19.594105373134802,0.0499600396679547,0.0
45314.792969,1969312.5216001645,01/23/2024,19.642493568269863,0.04995698785200986,0.0
45314.832031,1972687.4783998355,01/23/2024,19.609626683112126,0.04541283540748253,0.0
45314.875,1976400.0,01/23/2024,16.499610836616988,0.04995387367872439,0.0
45314.917969,1980112.5216001645,01/23/2024,14.81759218845569,0.04995119369620937,0.0
45314.957031,1983487.4783998355,01/23/2024,13.75956975204169,0.04540751938050036,0.0
45315.0,1987200.0,01/24/2024,13.030177051947883,0.04994720533655794,0.0
45315.042969,1990912.5216001645,01/24/2024,12.483302102569832,0.04994501102374471,0.0
45315.082031,1994287.4783998355,01/24/2024,12.053094230733839,0.045402073392352804,0.0
45315.125,1998000.0,01/24/2024,11.709215080477483,0.04994079675072172,0.0
45315.167969,2001712.5216001645,01/24/2024,11.423113985639501,0.049938840563605424,0.0
45315.207031,2005087.4783998355,01/24/2024,11.179800263693112,0.04539621668612526,0.0
45315.25,2008800.0,01/24/2024,10.979134904413085,0.04993457046825611,0.0
45315.292969,2012512.5216001645,01/24/2024,10.80291746534654,0.049932521215463765,0.0
45315.332031,2015887.4783998355,01/24/2024,10.645347985602287,0.04539048790910982,0.0
45315.375,2019600.0,01/24/2024,10.513986401867696,0.04992838133846078,0.0
45315.417969,2023312.5216001645,01/24/2024,10.39967262023581,0.0499261864543179,0.0
45315.457031,2026687.4783998355,01/24/2024,10.291957371957997,0.04538472157470963,0.0
45315.5,2030400.0,01/24/2024,10.199859443108695,0.04992203891374558,0.0
45315.542969,2034112.5216001645,01/24/2024,10.118429318009623,0.04991984445759101,0.0
45315.582031,2037487.4783998355,01/24/2024,10.04254830486842,0.04537895657175284,0.0
45315.625,2041200.0,01/24/2024,9.980634037943103,0.049915697107756785,0.0
45315.667969,2044912.5216001645,01/24/2024,9.926177577161182,0.04991350305200726,0.0
45315.707031,2048287.4783998355,01/24/2024,9.872030803073274,0.04537319233498138,0.0
45315.75,2052000.0,01/24/2024,9.8273001992601,0.049909356731028254,0.0
45315.792969,2055712.5216001645,01/24/2024,9.787387399621911,0.049907162779017966,0.0
45315.832031,2059087.4783998355,01/24/2024,9.747614863557724,0.04536742941296268,0.0
45315.875,2062800.0,01/24/2024,9.716897919774494,0.04990301777287698,0.0
45315.917969,2066512.5216001645,01/24/2024,9.69051878062841,0.04990082389725714,0.0
45315.957031,2069887.4783998355,01/24/2024,9.663760481804891,0.04536166697412369,0.0
45316.0,2073600.0,01/25/2024,9.645487199206093,0.04989667933517694,0.0
45316.042969,2077312.5216001645,01/25/2024,9.630641722007846,0.049894486409858274,0.0
45316.082031,2080687.4783998355,01/25/2024,9.613467661491056,0.04535590579919102,0.0
45316.125,2084400.0,01/25/2024,9.602818041757887,0.04989034255569891,0.0
45316.167969,2088112.5216001645,01/25/2024,9.594186227402814,0.049888149718757546,0.0
45316.207031,2091487.4783998355,01/25/2024,9.583016406471648,0.04535014532532955,0.0
45316.25,2095200.0,01/25/2024,9.578350450512085,0.049884006582367135,0.0
45316.292969,2098912.5216001645,01/25/2024,9.57562230071788,0.049881814110833034,0.0
45316.332031,2102287.4783998355,01/25/2024,9.570246720703166,0.04534438611597835,0.0
45316.375,2106000.0,01/25/2024,9.571244429951891,0.04987767108240959,0.0
45316.417969,2109712.5216001645,01/25/2024,9.57402994559565,0.04987547955280647,0.0
45316.457031,2113087.4783998355,01/25/2024,9.5740286072678,0.04533862758663432,0.0
45316.5,2116800.0,01/25/2024,9.580249982879293,0.049871337477771505,0.0
45316.542969,2120512.5216001645,01/25/2024,9.588119164838092,0.049869145468132814,0.0
45316.582031,2123887.4783998355,01/25/2024,9.593032069281437,0.04533287000070274,0.0
45316.625,2127600.0,01/25/2024,9.603987112096293,0.04986500435808239,0.0
45316.667969,2131312.5216001645,01/25/2024,9.616049961807635,0.049862812984091676,0.0
45316.707031,2134687.4783998355,01/25/2024,9.624357109792582,0.04532711361434494,0.0
45316.75,2138400.0,01/25/2024,9.637985820965289,0.04985867226880458,0.0
45316.792969,2142112.5216001645,01/25/2024,9.652412339306265,0.04985648125403941,0.0
45316.832031,2145487.4783998355,01/25/2024,9.663093731883441,0.04532135813161631,0.0
45316.875,2149200.0,01/25/2024,9.67909611228829,0.04985234147914497,0.0
45316.917969,2152912.5216001645,01/25/2024,9.69588630013599,0.049850150504571644,0.0
45316.957031,2156287.4783998355,01/25/2024,9.708911938356016,0.04531560305779436,0.0
45317.0,2160000.0,01/26/2024,9.727237988867289,0.04984601110895781,0.0
45317.042969,2163712.5216001645,01/26/2024,9.74632184736076,0.04984382076482419,0.0
45317.082031,2167087.4783998355,01/26/2024,9.761611732012314,0.04530984915335878,0.0
45317.125,2170800.0,01/26/2024,9.782161453784491,0.0498396820170548,0.0
45317.167969,2174512.5216001645,01/26/2024,9.803428983800819,0.0498374920289244,0.0
45317.207031,2177887.4783998355,01/26/2024,9.820873115654324,0.04530409640620192,0.0
45317.25,2181600.0,01/26/2024,9.843546509841891,0.04983335391795407,0.0
45317.292969,2185312.5216001645,01/26/2024,9.866897712239927,0.04983116426367573,0.0
45317.332031,2188687.4783998355,01/26/2024,9.88638609211773,0.04529834430626423,0.0
45317.375,2192400.0,01/26/2024,9.911063159281097,0.049827026770977056,0.0
45317.417969,2196112.5216001645,01/26/2024,9.936378035236375,0.0498248374674084,0.0
45317.457031,2199487.4783998355,01/26/2024,9.957800664417372,0.04529259305538602,0.0
45317.5,2203200.0,01/26/2024,9.984361406024894,0.049820700354096914,0.0
45317.542969,2206912.5216001645,01/26/2024,10.011509956396266,0.049818511627798046,0.0
45317.582031,2210287.4783998355,01/26/2024,10.034666835422618,0.04528684243674519,0.0
45317.625,2214000.0,01/26/2024,10.062691251754496,0.04981437543024825,0.0
45317.667969,2217712.5216001645,01/26/2024,10.0910134771206,0.04981218647618135,0.0
45317.707031,2221087.4783998355,01/26/2024,10.115114606780972,0.04528109270182057,0.0
45317.75,2224800.0,01/26/2024,10.144042698991692,0.049808051159189404,0.0
45317.792969,2228512.5216001645,01/26/2024,10.173278597988025,0.04980586257285324,0.0
45317.832031,2231887.4783998355,01/26/2024,10.198283976699473,0.04527534406292233,0.0
45317.875,2235600.0,01/26/2024,10.228125740731501,0.04980172787625037,0.0
45317.917969,2239312.5216001645,01/26/2024,10.25826531451535,0.04979953960499728,0.0
45317.957031,2242687.4783998355,01/26/2024,10.284184940694901,0.0452695965643386,0.0
45318.0,2246400.0,01/27/2024,10.314930379495701,0.04979540498466406,0.0
45318.042969,2250112.5216001645,01/27/2024,10.345973625843714,0.0497932172944715,0.0
45318.082031,2253487.4783998355,01/27/2024,10.372787502386915,0.04526384939313033,0.0
45318.125,2257200.0,01/27/2024,10.404416614163503,0.04978908384594405,0.0
45318.167969,2260912.5216001645,01/27/2024,10.436333534494915,0.049786896191299945,0.0
45318.207031,2264287.4783998355,01/27/2024,10.464011658850994,0.04525810307470124,0.0
45318.25,2268000.0,01/27/2024,10.496504443053697,0.04978276309042684,0.0
45318.292969,2271712.5216001645,01/27/2024,10.529275034042614,0.04978057574736994,0.0
45318.332031,2275087.4783998355,01/27/2024,10.55779740551362,0.04525235758289625,0.0
45318.375,2278800.0,01/27/2024,10.591123864485093,0.04977644326717012,0.0
45318.417969,2282512.5216001645,01/27/2024,10.624728135975,0.04977425624362297,0.0
45318.457031,2285887.4783998355,01/27/2024,10.654074763052941,0.04524661323189605,0.0
45318.5,2289600.0,01/27/2024,10.68821490311529,0.049770124065737775,0.0
45318.542969,2293312.5216001645,01/27/2024,10.722622855965044,0.049767937657065886,0.0
45318.582031,2296687.4783998355,01/27/2024,10.752763739192092,0.04524086943637684,0.0
45318.625,2300400.0,01/27/2024,10.787687561466095,0.04976380635054767,0.0
45318.667969,2304112.5216001645,01/27/2024,10.82286919683297,0.04976161997917927,0.0
45318.707031,2307487.4783998355,01/27/2024,10.853774337259738,0.045235126197148645,0.0
45318.75,2311200.0,01/27/2024,10.889451842339492,0.04975748928140433,0.0
45318.792969,2314912.5216001645,01/27/2024,10.925377160521942,0.04975530321224397,0.0
45318.832031,2318287.4783998355,01/27/2024,10.95702655869058,0.0452293838262392,0.0
45318.875,2322000.0,01/27/2024,10.99343774769689,0.04975117281948371,0.0
45318.917969,2325712.5216001645,01/27/2024,11.030076749833968,0.04974898708557873,0.0
45318.957031,2329087.4783998355,01/27/2024,11.062420406499472,0.04522364250957622,0.0
45319.0,2332800.0,01/28/2024,11.099505280060095,0.0497448573089585,0.0
45319.042969,2336512.5216001645,01/28/2024,11.136747967309072,0.04974267216138628,0.0
45319.082031,2339887.4783998355,01/28/2024,11.169585883275547,0.04521790203749987,0.0
45319.125,2343600.0,01/28/2024,11.207054442231092,0.04973854296051172,0.0
45319.167969,2347312.5216001645,01/28/2024,11.24464081546907,0.04973635811586519,0.0
45319.207031,2350687.4783998355,01/28/2024,11.277812991787139,0.04521216212601331,0.0
45319.25,2354400.0,01/28/2024,11.315625237292084,0.04973222924319032,0.0
45319.292969,2358112.5216001645,01/28/2024,11.353555297097708,0.04973004470382847,0.0
45319.332031,2361487.4783998355,01/28/2024,11.387081734556043,0.045206423054345635,0.0
45319.375,2365200.0,01/28/2024,11.42523766776487,0.04972591668504833,0.0
45319.417969,2368912.5216001645,01/28/2024,11.463511415277198,0.04972373220397941,0.0
45319.457031,2372287.4783998355,01/28/2024,11.497382114417947,0.045200685028518706,0.0
45319.5,2376000.0,01/28/2024,11.535891735610877,0.04971960478342652,0.0
45319.542969,2379712.5216001645,01/28/2024,11.574509171706987,0.04971742059721862,0.0
45319.582031,2383087.4783998355,01/28/2024,11.608724133547094,0.04519494757298048,0.0
45319.625,2386800.0,01/28/2024,11.647577443351866,0.049713293755843324,0.0
45319.667969,2390512.5216001645,01/28/2024,11.68653856890886,0.04971111015649399,0.0
45319.707031,2393887.4783998355,01/28/2024,11.721097794252438,0.045189210932903734,0.0
45319.75,2397600.0,01/28/2024,11.760284794350278,0.049706983631736534,0.0
45319.792969,2401312.5216001645,01/28/2024,11.799589609648352,0.0497048000644682,0.0
45319.832031,2404687.4783998355,01/28/2024,11.83448309902211,0.04518347536971845,0.0
45319.875,2408400.0,01/28/2024,11.874003790007075,0.04970067441048798,0.0
45319.917969,2412112.5216001645,01/28/2024,11.913642296782166,0.04969849113658853,0.0
45319.957031,2415487.4783998355,01/28/2024,11.948870051498682,0.04517774009107711,0.0
45320.0,2419200.0,01/29/2024,11.988724433964885,0.049694366331827666,0.0
45320.042969,2422912.5216001645,01/29/2024,12.028686632497186,0.04969218311007495,0.0
45320.082031,2426287.4783998355,01/29/2024,12.06423865255647,0.045172005885120825,0.0
45320.125,2430000.0,01/29/2024,12.104416727344494,0.04968805859357417,0.0
45320.167969,2433712.5216001645,01/29/2024,12.144702618511106,0.04968587594505891,0.0
45320.207031,2437087.4783998355,01/29/2024,12.180578905210284,0.04516627222664482,0.0
45320.25,2440800.0,01/29/2024,12.221070673228107,0.04968175174957423,0.0
45320.292969,2444512.5216001645,01/29/2024,12.261670257906113,0.049679569420291614,0.0
45320.332031,2447887.4783998355,01/29/2024,12.297860811802794,0.04516053962100841,0.0
45320.375,2451600.0,01/29/2024,12.338666273857315,0.04967544607950458,0.0
45320.417969,2455312.5216001645,01/29/2024,12.379579553185758,0.049673264032840336,0.0
45320.457031,2458687.4783998355,01/29/2024,12.416074375315114,0.045154807592886925,0.0
45320.5,2462400.0,01/29/2024,12.457193532594525,0.04966914099110653,0.0
45320.542969,2466112.5216001645,01/29/2024,12.498410507432256,0.049666959263568344,0.0
45320.582031,2469487.4783998355,01/29/2024,12.535209598302758,0.04514907635197574,0.0
45320.625,2473200.0,01/29/2024,12.576622451401123,0.049662836795540954,0.0
45320.667969,2476912.5216001645,01/29/2024,12.61813312234503,0.049660655388841235,0.0
45320.707031,2480287.4783998355,01/29/2024,12.655226483287516,0.045143346174590704,0.0
45320.75,2484000.0,01/29/2024,12.696933033359324,0.04965653349125887,0.0
45320.792969,2487712.5216001645,01/29/2024,12.738737401548464,0.04965435267041585,0.0
45320.832031,2491087.4783998355,01/29/2024,12.776125032578351,0.04513761652428627,0.0
45320.875,2494800.0,01/29/2024,12.818125280150314,0.04965023135517299,0.0
45320.917969,2498512.5216001645,01/29/2024,12.860213346181576,0.04964805054473942,0.0
45320.957031,2501887.4783998355,01/29/2024,12.897885248596006,0.045131887708464546,0.0
45321.0,2505600.0,01/30/2024,12.94015919457612,0.04964392951594476,0.0
45321.042969,2509312.5216001645,01/30/2024,12.982520959028138,0.04964174929087761,0.0
45321.082031,2512687.4783998355,01/30/2024,13.020457133335592,0.04512615941315801,0.0
45321.125,2516400.0,01/30/2024,13.062984778598116,0.04963762884455036,0.0
45321.167969,2520112.5216001645,01/30/2024,13.105560242890144,0.04963544864986602,0.0
45321.207031,2523487.4783998355,01/30/2024,13.14367068963278,0.045120432182415016,0.0
45321.25,2527200.0,01/30/2024,13.186332035298507,0.04963132933950476,0.0
45321.292969,2530912.5216001645,01/30/2024,13.229041200307629,0.04962914917810224,0.0
45321.332031,2534287.4783998355,01/30/2024,13.267275920816262,0.04511470573050502,0.0
45321.375,2538000.0,01/30/2024,13.310070967479293,0.04962503016328412,0.0
45321.417969,2541712.5216001645,01/30/2024,13.35290383350396,0.04962285029728264,0.0
45321.457031,2545087.4783998355,01/30/2024,13.391272828006864,0.04510898011461251,0.0
45321.5,2548800.0,01/30/2024,13.43420157626129,0.049618731837000496,0.0
45321.542969,2552512.5216001645,01/30/2024,13.477168144738998,0.04961655256682462,0.0
45321.582031,2555887.4783998355,01/30/2024,13.515671414567004,0.0451032552639532,0.0
45321.625,2559600.0,01/30/2024,13.55872386556729,0.04961243471012011,0.0
45321.667969,2563312.5216001645,01/30/2024,13.601824136796482,0.04961025570658251,0.0
45321.707031,2566687.4783998355,01/30/2024,13.640461682211532,0.04509753096306923,0.0
45321.75,2570400.0,01/30/2024,13.683647836798295,0.049606138154615564,0.0
45321.792969,2574112.5216001645,01/30/2024,13.726881811918014,0.049603959451467006,0.0
45321.832031,2577487.4783998355,01/30/2024,13.765653633955305,0.04509180719605865,0.0
45321.875,2581200.0,01/30/2024,13.808973492756296,0.049599842727509724,0.0
45321.917969,2584912.5216001645,01/30/2024,13.852341172363433,0.049597664083691484,0.0
45321.957031,2588287.4783998355,01/30/2024,13.891247271827064,0.04508608501297573,0.0
45322.0,2592000.0,01/31/2024,13.93470083624329,0.04959354765885848,0.0
45322.042969,2595712.5216001645,01/31/2024,13.978202221476886,0.0495913695644532,0.0
45322.082031,2599087.4783998355,01/31/2024,14.017232598909013,0.0450803628393146,0.0
45322.125,2602800.0,01/31/2024,14.060819869220675,0.04958725400074826,0.0
45322.167969,2606512.5216001645,01/31/2024,14.104454960957826,0.04958507593173067,0.0
45322.207031,2609887.4783998355,01/31/2024,14.143619617375395,0.045074641722912645,0.0
45322.25,2613600.0,01/31/2024,14.187340594770662,0.049580960660925655,0.0
45322.292969,2617312.5216001645,01/31/2024,14.231099393590023,0.049578782903275,0.0
45322.332031,2620687.4783998355,01/31/2024,14.270398329815388,0.045068921385528427,0.0
45322.375,2624400.0,01/31/2024,14.31424301485467,0.04957466848566838,0.0
45322.417969,2628112.5216001645,01/31/2024,14.358135521633324,0.049572491023106124,0.0
45322.457031,2631487.4783998355,01/31/2024,14.397558738436901,0.0450632018742283,0.0
45322.5,2635200.0,01/31/2024,14.44153713227467,0.049568377157093835,0.0
45322.542969,2638912.5216001645,01/31/2024,14.485553348133417,0.04956620000579903,0.0
45322.582031,2642287.4783998355,01/31/2024,14.525110845761725,0.045057482879791166,0.0
45322.625,2646000.0,01/31/2024,14.56921294899207,0.04956208642925475,0.0
45322.667969,2649712.5216001645,01/31/2024,14.613362874826246,0.04955990987473058,0.0
45322.707031,2653087.4783998355,01/31/2024,14.653044654625548,0.04505176494148344,0.0
45322.75,2656800.0,01/31/2024,14.69728046808907,0.049555796584584755,0.0
45322.792969,2660512.5216001645,01/31/2024,14.741554104459086,0.049553620325568204,0.0
45322.832031,2663887.4783998355,01/31/2024,14.7813701666759,0.04504604751741681,0.0
45322.875,2667600.0,01/31/2024,14.82572969124688,0.049549507897687306,0.0
45322.917969,2671312.5216001645,01/31/2024,14.870127038749617,0.0495473316438364,0.0
45322.957031,2674687.4783998355,01/31/2024,14.910067384434564,0.04504033092072035,0.0
45323.0,2678400.0,02/01/2024,14.954550621267481,0.04954321977721321,0.0
45323.042969,2682112.5216001645,02/01/2024,14.999071681060224,0.049541044122669575,0.0
45323.082031,2685487.4783998355,02/01/2024,15.03913631098373,0.04503461534646647,0.0
45323.125,2689200.0,02/01/2024,15.083743260672678,0.04953693257021996,0.0
45323.167969,2692912.5216001645,02/01/2024,15.128388033614273,0.049534756908251154,0.0
45323.207031,2696287.4783998355,02/01/2024,15.168576948845216,0.045028900319366016,0.0
45323.25,2700000.0,02/01/2024,15.213307611984272,0.04953064648949379,0.0
45323.292969,2703712.5216001645,02/01/2024,15.258076098653378,0.04952847113385417,0.0
45323.332031,2707087.4783998355,02/01/2024,15.298379299453702,0.045023185818806155,0.0
45323.375,2710800.0,02/01/2024,15.343223677163666,0.04952436097465096,0.0
45323.417969,2714512.5216001645,02/01/2024,15.388115878997768,0.04952218566357658,0.0
45323.457031,2717887.4783998355,02/01/2024,15.428543366418099,0.045017472640708434,0.0
45323.5,2721600.0,02/01/2024,15.473511459293059,0.04951807581257128,0.0
45323.542969,2725312.5216001645,02/01/2024,15.518517376590603,0.04951590133740069,0.0
45323.582031,2728687.4783998355,02/01/2024,15.559059151419605,0.04501175972693261,0.0
45323.625,2732400.0,02/01/2024,15.604140960333853,0.049511792334342886,0.0
45323.667969,2736112.5216001645,02/01/2024,15.649270594233885,0.04950961789353414,0.0
45323.707031,2739487.4783998355,02/01/2024,15.689936656733531,0.04500604786852591,0.0
45323.75,2743200.0,02/01/2024,15.735142182807857,0.04950550917489238,0.0
45323.792969,2746912.5216001645,02/01/2024,15.780385534187468,0.0495033350305647,0.0
45323.832031,2750287.4783998355,02/01/2024,15.821165885935075,0.04500033680060511,0.0
45323.875,2754000.0,02/01/2024,15.866485130077459,0.04949922717482025,0.0
45323.917969,2757712.5216001645,02/01/2024,15.911832199235088,0.049497053031380744,0.0
45323.957031,2761087.4783998355,02/01/2024,15.952716840492629,0.04499462599913073,0.0
45324.0,2764800.0,02/02/2024,15.998139483275056,0.049492626026776065,0.0
