TIME_2DSOIL,TIME_PHREEQCRM,DATE,MINERAL_N,DELTA_NITRIFIED_N,DELTA_DENITRIFIED_N
45292.0,0.0,01/01/2024,25.562778392654327,0.0,0.0
45292.042969,3712.521600164473,01/01/2024,25.56097839265432,9.012287082911814e-13,0.0
45292.082031,7087.478399835527,01/01/2024,25.55917839265432,3.304843334312293e-14,0.0
45292.125,10800.0,01/01/2024,25.557378392654318,2.7258261424139162e-17,0.0
45292.167969,14512.521600164473,01/01/2024,25.55557839265432,-2.5726989110221476e-14,0.0
45292.207031,17887.478399835527,01/01/2024,25.55377839265432,6.014272030481717e-17,0.0
45292.25,21600.0,01/01/2024,25.55197839265432,-5.760468414897517e-14,0.0
45292.292969,25312.521600164473,01/01/2024,25.550178392654324,2.5286490331307342e-14,0.0
45292.332031,28687.478399835527,01/01/2024,25.548388392654324,-7.192445967867082e-14,0.0
45292.375,32400.0,01/01/2024,25.546598392654325,-1.404363490793129e-13,0.0
45292.417969,36112.52160016447,01/01/2024,25.544808392654325,-3.1790889906267913e-14,0.0
45292.457031,39487.47839983553,01/01/2024,25.54301839265432,-5.872420417246226e-14,0.0
45292.5,43200.0,01/01/2024,25.541238392654325,-1.3885971261573684e-13,0.0
45292.542969,46912.52160016447,01/01/2024,25.53945839265433,8.88881496789815e-15,0.0
45292.582031,50287.47839983553,01/01/2024,25.53768839265433,-1.0990250636717975e-13,0.0
45292.625,54000.0,01/01/2024,25.53592839265433,-1.262388311790654e-13,0.0
45292.667969,57712.52160016447,01/01/2024,25.53417839265433,-2.15401548450128e-13,0.0
45292.707031,61087.47839983553,01/01/2024,25.532438392654335,-1.0345655745582548e-13,0.0
45292.75,64800.0,01/01/2024,25.53070839265434,-3.474190516810974e-13,0.0
45292.792969,68512.52160016447,01/01/2024,25.528988392654348,-1.5780476841234536e-12,0.0
45292.832031,71887.47839983553,01/01/2024,25.527278392654353,-4.921240245167355e-13,0.0
45292.875,75600.0,01/01/2024,23.150218392654363,-2.2319024905422855e-13,0.0
45292.917969,79312.52160016447,01/01/2024,20.083528392654365,-9.578726842727655e-14,0.0
45292.957031,82687.47839983553,01/01/2024,18.18701839265437,-2.1643199648264917e-13,0.0
45293.0,86400.0,01/02/2024,16.88220839265437,-1.3304008659038451e-13,0.0
45293.042969,90112.52160016447,01/02/2024,15.910208392654367,-1.1492476975876514e-13,0.0
45293.082031,93487.47839983553,01/02/2024,15.141498392654368,-8.005632544232904e-14,0.0
45293.125,97200.0,01/02/2024,14.522018392654369,-1.2967575673525178e-13,0.0
45293.167969,100912.52160016447,01/02/2024,13.994248392654368,5.139232329256146e-14,0.0
45293.207031,104287.47839983553,01/02/2024,13.549468392654372,-1.3649514269532644e-13,0.0
45293.25,108000.0,01/02/2024,13.163328392654373,-1.0470979596438466e-13,0.0
45293.292969,111712.52160016447,01/02/2024,12.818218392654375,-2.3229818760046477e-13,0.0
45293.332031,115087.47839983553,01/02/2024,12.511978392654374,-4.180107376959297e-14,0.0
45293.375,118800.0,01/02/2024,12.240708392654374,-6.937363647580602e-14,0.0
45293.417969,122512.52160016447,01/02/2024,11.994298392654375,-1.5701238172751012e-13,0.0
45293.457031,125887.47839983553,01/02/2024,11.766278392654376,-1.4774660671765463e-13,0.0
45293.5,129600.0,01/02/2024,11.556348392654375,-1.0405603989230407e-13,0.0
45293.542969,133312.52160016447,01/02/2024,11.363428392654376,-8.480333459074087e-14,0.0
45293.582031,136687.47839983553,01/02/2024,11.186358392654375,-3.981457173462479e-14,0.0
45293.625,140400.0,01/02/2024,11.023828392654375,-1.310495665094059e-13,0.0
45293.667969,144112.52160016447,01/02/2024,10.871658392654375,-1.505214777502694e-13,0.0
45293.707031,147487.47839983553,01/02/2024,10.727238392654375,-1.244399266908131e-13,0.0
45293.75,151200.0,01/02/2024,10.590568392654374,-1.3931223583869964e-13,0.0
45293.792969,154912.52160016447,01/02/2024,10.461418392654375,-5.54684400126979e-14,0.0
45293.832031,158287.47839983553,01/02/2024,10.339498392654376,-2.7208023266724122e-14,0.0
45293.875,162000.0,01/02/2024,10.224498392654377,-1.6831190847880808e-13,0.0
45293.917969,165712.52160016447,01/02/2024,10.116078392654375,-4.1619419905366385e-14,0.0
45293.957031,169087.47839983553,01/02/2024,10.013908392654379,-7.42407047740631e-14,0.0
45294.0,172800.0,01/03/2024,9.91761839265438,-2.430501138031842e-14,0.0
45294.042969,176512.52160016447,01/03/2024,9.826128392654379,-8.222378607375826e-14,0.0
45294.082031,179887.47839983553,01/03/2024,9.73776839265438,-1.6490770572584945e-14,0.0
45294.125,183600.0,01/03/2024,9.65250839265438,-1.9003970300265683e-13,0.0
45294.167969,187312.52160016447,01/03/2024,9.57033839265438,-7.316473874170672e-14,0.0
45294.207031,190687.47839983553,01/03/2024,9.491198392654379,-4.004617684901103e-14,0.0
45294.25,194400.0,01/03/2024,9.415018392654378,-7.554869474479603e-14,0.0
45294.292969,198112.52160016447,01/03/2024,9.341728392654378,-1.1321699146281923e-13,0.0
45294.332031,201487.47839983553,01/03/2024,9.27123839265438,8.621937546186006e-14,0.0
45294.375,205200.0,01/03/2024,9.20347839265438,-1.1800924401453865e-13,0.0
45294.417969,208912.52160016447,01/03/2024,9.13834839265438,-1.4379094365893508e-13,0.0
45294.457031,212287.47839983553,01/03/2024,9.07577839265438,-8.211225946639067e-14,0.0
45294.5,216000.0,01/03/2024,9.01566839265438,-1.0669880217182414e-13,0.0
45294.542969,219712.52160016447,01/03/2024,8.95793839265438,-1.8570934061090597e-13,0.0
45294.582031,223087.47839983553,01/03/2024,8.90248839265438,-9.905526369865203e-14,0.0
45294.625,226800.0,01/03/2024,8.849158392654381,-5.0555312859714776e-14,0.0
45294.667969,230512.52160016447,01/03/2024,8.797268392654383,-4.806965332690388e-14,0.0
45294.707031,233887.47839983553,01/03/2024,8.746548392654384,-3.744676717040609e-14,0.0
45294.75,237600.0,01/03/2024,8.697008392654384,-2.844764496942295e-14,0.0
45294.792969,241312.52160016447,01/03/2024,8.648648392654385,-6.267445186137561e-14,0.0
45294.832031,244687.47839983553,01/03/2024,8.601458392654386,-9.000372043476066e-14,0.0
45294.875,248400.0,01/03/2024,8.555428392654388,-6.359011782790203e-14,0.0
45294.917969,252112.52160016447,01/03/2024,8.510538392654391,-3.805886574690533e-14,0.0
45294.957031,255487.47839983553,01/03/2024,8.466778392654392,-9.27235810475757e-14,0.0
45295.0,259200.0,01/04/2024,8.424128392654394,-1.5450282108132052e-13,0.0
45295.042969,262912.5216001645,01/04/2024,8.382568392654393,-1.1531805971572626e-14,0.0
45295.082031,266287.4783998355,01/04/2024,8.342078392654395,-1.3041123939711203e-13,0.0
45295.125,270000.0,01/04/2024,8.302638392654396,-1.1770090353627255e-13,0.0
45295.167969,273712.5216001645,01/04/2024,8.264228392654397,-4.613181383623774e-14,0.0
45295.207031,277087.4783998355,01/04/2024,8.226818392654396,-2.933092579729343e-14,0.0
45295.25,280800.0,01/04/2024,8.190398392654396,-5.021623800406158e-14,0.0
45295.292969,284512.5216001645,01/04/2024,8.154948392654395,-4.7133547189339285e-14,0.0
45295.332031,287887.4783998355,01/04/2024,8.120438392654396,-7.003304430106566e-14,0.0
45295.375,291600.0,01/04/2024,8.086858392654396,7.107317002426732e-14,0.0
45295.417969,295312.5216001645,01/04/2024,8.054178392654396,2.5139094108972267e-15,0.0
45295.457031,298687.4783998355,01/04/2024,8.022388392654396,-2.885054699764875e-14,0.0
45295.5,302400.0,01/04/2024,7.991448392654396,-1.463220452099252e-13,0.0
45295.542969,306112.5216001645,01/04/2024,7.961328392654396,-4.3782797174074805e-14,0.0
45295.582031,309487.4783998355,01/04/2024,7.931908392654399,-6.063142172752923e-14,0.0
45295.625,313200.0,01/04/2024,7.902948392654397,-8.027316675056797e-14,0.0
45295.667969,316912.5216001645,01/04/2024,7.874418392654397,-1.898450886052341e-13,0.0
45295.707031,320287.4783998355,01/04/2024,7.8463283926543985,-1.2339647476609574e-13,0.0
45295.75,324000.0,01/04/2024,7.818678392654398,-1.4352700037883355e-13,0.0
45295.792969,327712.5216001645,01/04/2024,7.791468392655063,-2.8888739878777004e-11,0.0
45295.832031,331087.4783998355,01/04/2024,7.764698392655064,3.529632508880434e-14,0.0
45295.875,334800.0,01/04/2024,7.738358392655064,-2.2282784443747144e-14,0.0
45295.917969,338512.5216001645,01/04/2024,7.712448392655064,-1.567669125194567e-13,0.0
45295.957031,341887.4783998355,01/04/2024,7.6869683926553165,-3.135857193172762e-11,0.0
45296.0,345600.0,01/05/2024,7.661918392655351,-4.29550670805243e-12,0.0
45296.042969,349312.5216001645,01/05/2024,7.637288392655353,-5.494390324189207e-14,0.0
45296.082031,352687.4783998355,01/05/2024,7.613078392655354,-1.402226046103217e-13,0.0
45296.125,356400.0,01/05/2024,7.589278392655352,-5.325439674635667e-14,0.0
45296.167969,360112.5216001645,01/05/2024,7.565888392655354,-8.691743997728429e-14,0.0
45296.207031,363487.4783998355,01/05/2024,7.542898392655354,-6.736968104065501e-14,0.0
45296.25,367200.0,01/05/2024,7.520308392655353,-9.81843106725108e-14,0.0
45296.292969,370912.5216001645,01/05/2024,7.498108392655352,-1.4237310179763361e-13,0.0
45296.332031,374287.4783998355,01/05/2024,7.476298392655354,4.3082097921449666e-14,0.0
45296.375,378000.0,01/05/2024,7.454878392655355,-8.765028463948918e-14,0.0
45296.417969,381712.5216001645,01/05/2024,7.433838392655357,-9.147228228955572e-14,0.0
45296.457031,385087.4783998355,01/05/2024,7.413168392655359,-2.4735036811854107e-14,0.0
45296.5,388800.0,01/05/2024,7.39287839265536,-3.383925207905077e-14,0.0
45296.542969,392512.5216001645,01/05/2024,7.372948392655362,-9.229205146723077e-14,0.0
45296.582031,395887.4783998355,01/05/2024,7.35337839265536,-1.6981598010533196e-14,0.0
45296.625,399600.0,01/05/2024,7.33416839265536,-8.792499305481785e-14,0.0
45296.667969,403312.5216001645,01/05/2024,7.315308392655361,-1.0956858659546376e-13,0.0
45296.707031,406687.4783998355,01/05/2024,7.2967983926553615,-1.5994773349650586e-13,0.0
45296.75,410400.0,01/05/2024,7.278628392655361,-1.921268594678767e-14,0.0
45296.792969,414112.5216001645,01/05/2024,7.260798392655361,-7.910376094247756e-14,0.0
45296.832031,417487.4783998355,01/05/2024,7.243298392655363,-8.261341347640486e-14,0.0
45296.875,421200.0,01/05/2024,7.226118392655362,-9.823653430477438e-14,0.0
45296.917969,424912.5216001645,01/05/2024,7.209258392655361,-8.801137231282273e-14,0.0
45296.957031,428287.4783998355,01/05/2024,7.192708392655363,-1.6065426515456008e-15,0.0
45297.0,432000.0,01/06/2024,7.176448392655364,-5.0164559919519676e-14,0.0
45297.042969,435712.5216001645,01/06/2024,7.160378392655365,-8.448234802187411e-14,0.0
45297.082031,439087.4783998355,01/06/2024,7.144468392655364,4.7519063680665875e-14,0.0
45297.125,442800.0,01/06/2024,7.128728392655363,3.597159619150053e-14,0.0
45297.167969,446512.5216001645,01/06/2024,7.113148392655363,2.3310991154746472e-14,0.0
45297.207031,449887.4783998355,01/06/2024,7.097728392655365,-5.44407607609238e-14,0.0
45297.25,453600.0,01/06/2024,7.082468392655365,-2.2354747886179644e-14,0.0
45297.292969,457312.5216001645,01/06/2024,7.067378392655364,-4.7253104223942866e-14,0.0
45297.332031,460687.4783998355,01/06/2024,7.052448392655365,-2.798631350532904e-14,0.0
45297.375,464400.0,01/06/2024,7.0376783926553665,-4.939896508042625e-14,0.0
45297.417969,468112.5216001645,01/06/2024,7.023078392655365,-5.658423596922207e-14,0.0
45297.457031,471487.4783998355,01/06/2024,7.0086383926553655,-5.490153471745992e-14,0.0
45297.5,475200.0,01/06/2024,6.994358392655366,-3.205177708409919e-14,0.0
45297.542969,478912.5216001645,01/06/2024,6.980238392655368,-3.372715543404678e-14,0.0
45297.582031,482287.4783998355,01/06/2024,6.966278392655367,-1.046699514536869e-13,0.0
45297.625,486000.0,01/06/2024,6.952478392655367,1.8184842157275442e-14,0.0
45297.667969,489712.5216001645,01/06/2024,6.938838392655368,-4.671579796624724e-14,0.0
45297.707031,493087.4783998355,01/06/2024,6.925358392655367,-6.112930804886819e-14,0.0
45297.75,496800.0,01/06/2024,6.912028392655367,-1.1097898404451622e-13,0.0
45297.792969,500512.5216001645,01/06/2024,6.898858392655368,-3.0854179433673545e-14,0.0
45297.832031,503887.4783998355,01/06/2024,6.885838392655367,-7.478662790302186e-14,0.0
45297.875,507600.0,01/06/2024,6.872978392655368,-6.07992063424916e-14,0.0
45297.917969,511312.5216001645,01/06/2024,6.860268392655369,-6.112488227743328e-14,0.0
45297.957031,514687.4783998355,01/06/2024,6.847708392655369,-4.536848487184986e-14,0.0
45298.0,518400.0,01/07/2024,6.83529839265537,-1.227338321442289e-13,0.0
45298.042969,522112.5216001645,01/07/2024,6.82303839265537,-1.9514079807839115e-13,0.0
45298.082031,525487.4783998355,01/07/2024,6.81092839265537,-5.1651244120275e-14,0.0
45298.125,529200.0,01/07/2024,6.798968392655372,-4.171454643829279e-14,0.0
45298.167969,532912.5216001645,01/07/2024,6.787148392655371,-3.985772162686903e-14,0.0
45298.207031,536287.4783998355,01/07/2024,6.775478392655373,-3.916417358346652e-14,0.0
45298.25,540000.0,01/07/2024,6.763948392655373,3.508596181271681e-15,0.0
45298.292969,543712.5216001645,01/07/2024,6.752558392655375,-3.4798084712719525e-14,0.0
45298.332031,547087.4783998355,01/07/2024,6.741318392655375,-8.052734567915457e-16,0.0
45298.375,550800.0,01/07/2024,6.7302183926553765,-8.501245276816442e-14,0.0
45298.417969,554512.5216001645,01/07/2024,6.719258392655376,-9.555871559123344e-14,0.0
45298.457031,557887.4783998355,01/07/2024,6.708438392655378,-4.842601954476421e-14,0.0
45298.5,561600.0,01/07/2024,6.6977483926553765,-6.923176154436881e-14,0.0
45298.542969,565312.5216001645,01/07/2024,6.687198392655379,-4.997846578598718e-14,0.0
45298.582031,568687.4783998355,01/07/2024,6.676788392655379,-2.4227110490567193e-14,0.0
45298.625,572400.0,01/07/2024,6.666508392655378,-5.1700905705735544e-14,0.0
45298.667969,576112.5216001645,01/07/2024,6.656358392655378,-1.2054299302202585e-13,0.0
45298.707031,579487.4783998355,01/07/2024,6.6463383926553785,-9.716670165207456e-14,0.0
45298.75,583200.0,01/07/2024,6.6364583926553795,-6.937855125539948e-14,0.0
45298.792969,586912.5216001645,01/07/2024,6.62670839265538,-1.2898698664142784e-13,0.0
45298.832031,590287.4783998355,01/07/2024,6.617078392655379,-8.364550501839065e-14,0.0
45298.875,594000.0,01/07/2024,6.6075783926553795,-3.003508643106791e-14,0.0
45298.917969,597712.5216001645,01/07/2024,6.59820839265538,4.220889226829056e-15,0.0
45298.957031,601087.4783998355,01/07/2024,6.588958392655377,-6.357519284747918e-14,0.0
45299.0,604800.0,01/08/2024,6.579828392655379,-4.3431597678941766e-14,0.0
45299.042969,608512.5216001645,01/08/2024,6.570818392655379,-6.848696527127932e-14,0.0
45299.082031,611887.4783998355,01/08/2024,6.561928392655379,-7.367973939365674e-14,0.0
45299.125,615600.0,01/08/2024,6.553138392655379,-8.923584809781393e-14,0.0
45299.167969,619312.5216001645,01/08/2024,6.544408392655379,4.214302077095449e-16,0.0
45299.207031,622687.4783998355,01/08/2024,6.5357383926553805,-4.3060725011053074e-15,0.0
45299.25,626400.0,01/08/2024,6.5271283926553805,-9.958277725370594e-14,0.0
45299.292969,630112.5216001645,01/08/2024,6.518578392655381,1.5331205130674973e-14,0.0
45299.332031,633487.4783998355,01/08/2024,6.510098392655383,-2.1982097641017283e-14,0.0
45299.375,637200.0,01/08/2024,6.501678392655381,-1.5998825973369984e-13,0.0
45299.417969,640912.5216001645,01/08/2024,6.493318392655382,-7.710522926647475e-14,0.0
45299.457031,644287.4783998355,01/08/2024,6.485018392655384,-5.0636951500205264e-14,0.0
45299.5,648000.0,01/08/2024,6.476788392655384,-9.052579281996527e-14,0.0
45299.542969,651712.5216001645,01/08/2024,6.468618392655384,-1.7288935892464561e-15,0.0
45299.582031,655087.4783998355,01/08/2024,6.460508392655386,-9.051832118244287e-15,0.0
45299.625,658800.0,01/08/2024,6.4524583926553865,-6.564355276502582e-14,0.0
45299.667969,662512.5216001645,01/08/2024,6.4444783926553875,-8.13042014337347e-14,0.0
45299.707031,665887.4783998355,01/08/2024,6.43655839265539,-9.889508580757464e-14,0.0
45299.75,669600.0,01/08/2024,6.428698392655388,-1.0313352276590492e-13,0.0
45299.792969,673312.5216001645,01/08/2024,6.420898392655389,-8.780392281749156e-14,0.0
45299.832031,676687.4783998355,01/08/2024,6.413168392655391,-1.3118422750554771e-14,0.0
45299.875,680400.0,01/08/2024,6.40549839265539,-1.3310594577442065e-13,0.0
45299.917969,684112.5216001645,01/08/2024,6.39788839265539,-8.930745486549806e-14,0.0
45299.957031,687487.4783998355,01/08/2024,6.390338392655392,-4.679278423351025e-14,0.0
45300.0,691200.0,01/09/2024,6.382848392655391,-2.805602409455743e-14,0.0
45300.042969,694912.5216001645,01/09/2024,6.375418392655392,-7.649545376485372e-14,0.0
45300.082031,698287.4783998355,01/09/2024,6.368048392655391,-5.251014083790745e-14,0.0
45300.125,702000.0,01/09/2024,6.360748392655389,-2.6656368049535878e-14,0.0
45300.167969,705712.5216001645,01/09/2024,6.35350839265539,-4.367719947740004e-14,0.0
45300.207031,709087.4783998355,01/09/2024,6.346328392655388,-1.9649264132949243e-14,0.0
45300.25,712800.0,01/09/2024,6.3392083926553875,-1.1782030769393703e-13,0.0
45300.292969,716512.5216001645,01/09/2024,6.332148392655388,-1.2983675370934436e-13,0.0
45300.332031,719887.4783998355,01/09/2024,6.325148392655388,-1.6823010468213352e-13,0.0
45300.375,723600.0,01/09/2024,6.318208392655388,-5.519470010668628e-14,0.0
45300.417969,727312.5216001645,01/09/2024,6.311328392655389,-2.594715782594959e-15,0.0
45300.457031,730687.4783998355,01/09/2024,6.3045083926553875,-3.311759842112102e-14,0.0
45300.5,734400.0,01/09/2024,6.297738392655388,-1.2308713153024802e-14,0.0
45300.542969,738112.5216001645,01/09/2024,6.291028392655387,-6.003692038360724e-14,0.0
45300.582031,741487.4783998355,01/09/2024,6.284378392655386,-3.8194104695848e-14,0.0
45300.625,745200.0,01/09/2024,6.2777883926553875,-3.567765639702546e-14,0.0
45300.667969,748912.5216001645,01/09/2024,6.271258392655386,-1.0601337577029599e-13,0.0
45300.707031,752287.4783998355,01/09/2024,6.264788392655386,-8.257914448740885e-14,0.0
45300.75,756000.0,01/09/2024,6.2583783926553895,-9.254640547081576e-13,0.0
45300.792969,759712.5216001645,01/09/2024,6.252028392655395,-4.899548288646899e-13,0.0
45300.832031,763087.4783998355,01/09/2024,5.750688392655397,9.757682506671512e-13,0.0
45300.875,766800.0,01/09/2024,3.9384483926553995,1.678089362262563e-12,0.0
45300.917969,770512.5216001645,01/09/2024,3.2144683926554016,9.690205022872167e-13,0.0
45300.957031,773887.4783998355,01/09/2024,2.826238392655402,2.4219945135532776e-13,0.0
45301.0,777600.0,01/10/2024,2.5753083926554017,1.0473050302438435e-13,0.0
45301.042969,781312.5216001645,01/10/2024,2.3953583926553996,1.229673300452798e-13,0.0
45301.082031,784687.4783998355,01/10/2024,2.2575483926554014,1.0603011911838575e-13,0.0
45301.125,788400.0,01/10/2024,2.1471883926554014,1.9070117491094546e-13,0.0
45301.167969,792112.5216001645,01/10/2024,2.056328392655402,3.673087483975444e-14,0.0
45301.207031,795487.4783998355,01/10/2024,1.9788883926554028,4.333250471419461e-14,0.0
45301.25,799200.0,01/10/2024,1.9135983926554017,6.950659553300399e-14,0.0
45301.292969,802912.5216001645,01/10/2024,1.8556683926554032,-1.0840787691814735e-13,0.0
45301.332031,806287.4783998355,01/10/2024,1.8042883926554016,6.117438366144165e-14,0.0
45301.375,810000.0,01/10/2024,1.7589083926554,-1.914647539763109e-14,0.0
45301.417969,813712.5216001645,01/10/2024,1.7184183926554017,-4.776258421838596e-15,0.0
45301.457031,817087.4783998355,01/10/2024,1.6811483926554025,1.57106941690998e-14,0.0
45301.5,820800.0,01/10/2024,1.646848392655401,1.9151680361475156e-13,0.0
45301.542969,824512.5216001645,01/10/2024,1.6153683926554028,2.4498182792633224e-13,0.0
45301.582031,827887.4783998355,01/10/2024,1.5865183926554043,1.5356676733517872e-14,0.0
45301.625,831600.0,01/10/2024,1.560098392655403,2.879027625553666e-14,0.0
45301.667969,835312.5216001645,01/10/2024,1.5356883926554037,7.787907325628947e-16,0.0
45301.707031,838687.4783998355,01/10/2024,1.5126083926554035,-3.5268047605603937e-15,0.0
45301.75,842400.0,01/10/2024,1.4907783926554021,-7.80231744403363e-15,0.0
45301.792969,846112.5216001645,01/10/2024,1.4701683926554006,-1.324589996135724e-13,0.0
45301.832031,849487.4783998355,01/10/2024,1.4507283926554013,2.811605239290611e-14,0.0
45301.875,853200.0,01/10/2024,1.4324183926554017,-1.3508990712586202e-13,0.0
45301.917969,856912.5216001645,01/10/2024,1.415168392655401,-1.2083543535084897e-13,0.0
45301.957031,860287.4783998355,01/10/2024,1.398938392655401,1.655398753170453e-14,0.0
45302.0,864000.0,01/11/2024,1.3836583926554005,4.5495000627784545e-14,0.0
45302.042969,867712.5216001645,01/11/2024,1.3692383926553993,-6.348208793069942e-14,0.0
45302.082031,871087.4783998355,01/11/2024,1.355398392655401,-2.1716438526983096e-14,0.0
45302.125,874800.0,01/11/2024,1.342048392655402,-8.170650231515016e-14,0.0
45302.167969,878512.5216001645,01/11/2024,1.3291883926554022,-2.2094826665046393e-13,0.0
45302.207031,881887.4783998355,01/11/2024,1.3168083926554022,1.6723712164811387e-14,0.0
45302.25,885600.0,01/11/2024,1.3049083926554013,-8.098516653796059e-14,0.0
45302.292969,889312.5216001645,01/11/2024,1.293468392655401,5.0681705702949996e-14,0.0
45302.332031,892687.4783998355,01/11/2024,1.282468392655402,-7.610070696642712e-14,0.0
45302.375,896400.0,01/11/2024,1.2718983926554008,-8.983113252114141e-14,0.0
45302.417969,900112.5216001645,01/11/2024,1.2617483926554016,1.219901255191201e-13,0.0
45302.457031,903487.4783998355,01/11/2024,1.252008392655401,-1.0115073055782274e-13,0.0
45302.5,907200.0,01/11/2024,1.2426583926554,-6.65458344883222e-14,0.0
45302.542969,910912.5216001645,01/11/2024,1.2336883926553985,1.1587971551528936e-13,0.0
45302.582031,914287.4783998355,01/11/2024,1.225078392655466,-4.6313559134552015e-11,0.0
45302.625,918000.0,01/11/2024,1.2168083926554665,-1.0399836189598915e-13,0.0
45302.667969,921712.5216001645,01/11/2024,1.2088183926554672,-9.752630057343183e-14,0.0
45302.707031,925087.4783998355,01/11/2024,1.2010083926554682,-1.342739301777902e-13,0.0
45302.75,928800.0,01/11/2024,1.193388392655469,-1.6467728916283348e-13,0.0
45302.792969,932512.5216001645,01/11/2024,1.1859483926554701,-3.8973831626348776e-14,0.0
45302.832031,935887.4783998355,01/11/2024,1.178698392655471,-6.725517157357466e-14,0.0
45302.875,939600.0,01/11/2024,1.1716283926554723,-9.199070124210084e-14,0.0
45302.917969,943312.5216001645,01/11/2024,1.1647383926554737,-9.473233523630886e-14,0.0
45302.957031,946687.4783998355,01/11/2024,1.1580283926554717,3.621999073244575e-14,0.0
45303.0,950400.0,01/12/2024,1.1514883926554709,-6.490269509829632e-14,0.0
45303.042969,954112.5216001645,01/12/2024,1.1451183926554707,-1.335372628177148e-13,0.0
45303.082031,957487.4783998355,01/12/2024,1.138918392655471,-3.172277189868236e-14,0.0
45303.125,961200.0,01/12/2024,1.1328783926554722,-5.946281271168295e-14,0.0
45303.167969,964912.5216001645,01/12/2024,1.126998392655471,7.65068982689544e-14,0.0
45303.207031,968287.4783998355,01/12/2024,1.1212783926554708,-1.7099015670577465e-14,0.0
45303.25,972000.0,01/12/2024,1.115708392655472,-4.630652756978727e-14,0.0
45303.292969,975712.5216001645,01/12/2024,1.1102883926554712,-8.940491632174569e-14,0.0
45303.332031,979087.4783998355,01/12/2024,1.1050183926554717,-3.568347247117083e-14,0.0
45303.375,982800.0,01/12/2024,1.0998883926554706,-9.539250626194251e-14,0.0
45303.417969,986512.5216001645,01/12/2024,1.0948983926554714,-4.793687244369011e-14,0.0
45303.457031,989887.4783998355,01/12/2024,1.0900483926554705,-8.833813394419989e-14,0.0
45303.5,993600.0,01/12/2024,1.0853283926554718,1.3813025443590192e-14,0.0
45303.542969,997312.5216001645,01/12/2024,1.0807383926554714,-1.5870021368011516e-14,0.0
45303.582031,1000687.4783998355,01/12/2024,1.0762683926554701,5.233372266188168e-15,0.0
45303.625,1004400.0,01/12/2024,1.0718783926554694,-1.0071380206851704e-14,0.0
45303.667969,1008112.5216001645,01/12/2024,1.0675583926554697,-5.389514466390677e-14,0.0
45303.707031,1011487.4783998355,01/12/2024,1.0633083926554707,2.3486785974609982e-14,0.0
45303.75,1015200.0,01/12/2024,1.0591183926554697,-7.987476442255481e-14,0.0
45303.792969,1018912.5216001645,01/12/2024,1.0549983926554691,-9.278659884344248e-14,0.0
45303.832031,1022287.4783998355,01/12/2024,1.0509483926554697,-8.125216811033304e-14,0.0
45303.875,1026000.0,01/12/2024,1.0469683926554714,-7.81581118111644e-14,0.0
45303.917969,1029712.5216001645,01/12/2024,1.0430483926554706,-7.218587308714035e-14,0.0
45303.957031,1033087.4783998355,01/12/2024,1.0391983926554706,-1.1097273037895382e-13,0.0
45304.0,1036800.0,01/13/2024,1.0354183926554716,3.8990455675969047e-14,0.0
45304.042969,1040512.5216001645,01/13/2024,1.0316983926554704,3.074996055393323e-14,0.0
45304.082031,1043887.4783998355,01/13/2024,1.0280383926554704,-7.130895665429384e-14,0.0
45304.125,1047600.0,01/13/2024,1.0244483926554713,-1.0468473244355985e-13,0.0
45304.167969,1051312.5216001645,01/13/2024,1.0209183926554701,-7.983965868439234e-14,0.0
45304.207031,1054687.4783998355,01/13/2024,1.01744839265547,-1.0374248362836735e-13,0.0
45304.25,1058400.0,01/13/2024,1.0140383926554715,-8.731349085943447e-14,0.0
45304.292969,1062112.5216001645,01/13/2024,1.0106883926554704,-1.901892560544572e-13,0.0
45304.332031,1065487.4783998355,01/13/2024,1.0073983926554706,-4.785720104308097e-14,0.0
45304.375,1069200.0,01/13/2024,1.004168392655472,6.551354827086559e-14,0.0
45304.417969,1072912.5216001645,01/13/2024,1.0009983926554713,-1.6840843755220002e-14,0.0
45304.457031,1076287.4783998355,01/13/2024,0.9978883926554719,-7.804868280629095e-14,0.0
45304.5,1080000.0,01/13/2024,0.9948383926554702,-1.209423499792993e-13,0.0
45304.542969,1083712.5216001645,01/13/2024,0.9918383926554702,-5.527844668226021e-14,0.0
45304.582031,1087087.4783998355,01/13/2024,0.9888983926554715,5.82387481311248e-14,0.0
45304.625,1090800.0,01/13/2024,0.9860083926554708,-2.6777129386421223e-14,0.0
45304.667969,1094512.5216001645,01/13/2024,0.9831683926554718,-7.880420505768199e-15,0.0
45304.707031,1097887.4783998355,01/13/2024,0.9803883926554705,4.650909850576957e-14,0.0
45304.75,1101600.0,01/13/2024,0.9776583926554709,-5.60368501816203e-14,0.0
45304.792969,1105312.5216001645,01/13/2024,0.9749783926554694,-5.302095912302976e-14,0.0
45304.832031,1108687.4783998355,01/13/2024,0.9723483926554695,-6.5368538996051576e-15,0.0
45304.875,1112400.0,01/13/2024,0.969768392655471,-6.620815288162878e-14,0.0
45304.917969,1116112.5216001645,01/13/2024,0.9672383926554708,-6.787979300311527e-15,0.0
45304.957031,1119487.4783998355,01/13/2024,0.9647583926554724,-4.531931264892125e-14,0.0
45305.0,1123200.0,01/14/2024,0.9623183926554726,-5.819935228624353e-14,0.0
45305.042969,1126912.5216001645,01/14/2024,0.9599183926554712,-9.798902353432311e-14,0.0
45305.082031,1130287.4783998355,01/14/2024,0.9575383926554726,-9.92045625594189e-14,0.0
45305.125,1134000.0,01/14/2024,0.9551883926554727,-4.195289414747128e-14,0.0
45305.167969,1137712.5216001645,01/14/2024,0.952858392655472,-1.1378050234435409e-13,0.0
45305.207031,1141087.4783998355,01/14/2024,0.9505583926554703,-1.3384915690744703e-14,0.0
45305.25,1144800.0,01/14/2024,0.9482783926554714,-1.95820805910827e-13,0.0
45305.292969,1148512.5216001645,01/14/2024,0.9460283926554715,-8.121001209638092e-14,0.0
45305.332031,1151887.4783998355,01/14/2024,0.9437983926554706,1.3694008677727242e-14,0.0
45305.375,1155600.0,01/14/2024,0.9415983926554723,2.0968158171363663e-15,0.0
45305.417969,1159312.5216001645,01/14/2024,0.939418392655473,6.7652085038711176e-15,0.0
45305.457031,1162687.4783998355,01/14/2024,0.9372683926554727,-1.1256062508825714e-13,0.0
45305.5,1166400.0,01/14/2024,0.9351383926554717,-3.2417652088363095e-14,0.0
45305.542969,1170112.5216001645,01/14/2024,0.9330283926554734,-1.0042085146008422e-13,0.0
45305.582031,1173487.4783998355,01/14/2024,0.930948392655474,-4.310274150290031e-14,0.0
45305.625,1177200.0,01/14/2024,0.928888392655474,-6.759162985907323e-14,0.0
45305.667969,1180912.5216001645,01/14/2024,0.9268583926554728,-7.369358715137035e-14,0.0
45305.707031,1184287.4783998355,01/14/2024,0.9248483926554742,-1.0030332995875853e-13,0.0
45305.75,1188000.0,01/14/2024,0.9228583926554751,-7.932967511773393e-14,0.0
45305.792969,1191712.5216001645,01/14/2024,0.9208983926554747,-1.5215642423818684e-13,0.0
45305.832031,1195087.4783998355,01/14/2024,0.9189583926554734,-7.540964517194647e-14,0.0
45305.875,1198800.0,01/14/2024,0.9170483926554748,2.0074388639069752e-14,0.0
45305.917969,1202512.5216001645,01/14/2024,0.9151583926554754,-1.1199375518156513e-13,0.0
45305.957031,1205887.4783998355,01/14/2024,0.9132883926554751,-3.97515089013384e-14,0.0
45306.0,1209600.0,01/15/2024,0.9114383926554741,6.928586211234677e-15,0.0
45306.042969,1213312.5216001645,01/15/2024,0.9096183926554756,-5.3070433194374405e-14,0.0
45306.082031,1216687.4783998355,01/15/2024,0.9078183926554763,-8.484382217601352e-14,0.0
45306.125,1220400.0,01/15/2024,0.9060383926554761,-4.2885870566790205e-14,0.0
45306.167969,1224112.5216001645,01/15/2024,0.9042783926554754,-8.360025332581891e-14,0.0
45306.207031,1227487.4783998355,01/15/2024,0.9025383926554738,-9.699303754693736e-14,0.0
45306.25,1231200.0,01/15/2024,0.9008283926554745,2.0427325902270493e-14,0.0
45306.292969,1234912.5216001645,01/15/2024,0.8991383926554746,-4.607135694239561e-14,0.0
45306.332031,1238287.4783998355,01/15/2024,0.897468392655474,-5.1906051761283275e-14,0.0
45306.375,1242000.0,01/15/2024,0.8958183926554725,-1.603023882525839e-13,0.0
45306.417969,1245712.5216001645,01/15/2024,0.8941883926554738,-1.2535882789640756e-13,0.0
45306.457031,1249087.4783998355,01/15/2024,0.8925783926554743,-4.6694058695062885e-14,0.0
45306.5,1252800.0,01/15/2024,0.8909883926554742,-1.0144074488886841e-13,0.0
45306.542969,1256512.5216001645,01/15/2024,0.8894183926554734,-6.603237246499599e-14,0.0
45306.582031,1259887.4783998355,01/15/2024,0.8878683926554718,-1.929656671916558e-13,0.0
45306.625,1263600.0,01/15/2024,0.886338392655473,-1.0584230065027463e-13,0.0
45306.667969,1267312.5216001645,01/15/2024,0.8848283926554732,5.3576329338586303e-14,0.0
45306.707031,1270687.4783998355,01/15/2024,0.8833383926554728,-6.693171256951566e-14,0.0
45306.75,1274400.0,01/15/2024,0.8818683926554716,-1.1479973609184348e-13,0.0
45306.792969,1278112.5216001645,01/15/2024,0.8804183926554733,-9.649472521678274e-14,0.0
45306.832031,1281487.4783998355,01/15/2024,0.8789883926554741,-8.66691116375422e-14,0.0
45306.875,1285200.0,01/15/2024,0.8775783926554742,8.97073879199082e-15,0.0
45306.917969,1288912.5216001645,01/15/2024,0.8761883926554737,-3.192977291324194e-14,0.0
45306.957031,1292287.4783998355,01/15/2024,0.8748183926554721,-1.0086362210174827e-13,0.0
45307.0,1296000.0,01/16/2024,0.8734683926554735,-4.973371105904345e-14,0.0
45307.042969,1299712.5216001645,01/16/2024,0.8721383926554741,-1.0861011970484688e-13,0.0
45307.082031,1303087.4783998355,01/16/2024,0.8708183926554744,-9.901888566305105e-14,0.0
45307.125,1306800.0,01/16/2024,0.8695183926554738,-9.033493172106391e-14,0.0
45307.167969,1310512.5216001645,01/16/2024,0.868228392655473,-4.473828818606987e-14,0.0
45307.207031,1313887.4783998355,01/16/2024,0.8669483926554715,-5.137126762752655e-15,0.0
45307.25,1317600.0,01/16/2024,0.8656783926554699,-2.8413306345183495e-14,0.0
45307.292969,1321312.5216001645,01/16/2024,0.8644183926554715,-1.4121669279554786e-13,0.0
45307.332031,1324687.4783998355,01/16/2024,0.8631683926555026,-2.7051278552010685e-11,0.0
45307.375,1328400.0,01/16/2024,0.8619283926555075,-3.800197073575395e-12,0.0
45307.417969,1332112.5216001645,01/16/2024,0.860698392655508,-6.493838688554758e-14,0.0
45307.457031,1335487.4783998355,01/16/2024,0.859478392655508,-4.9131996597734e-14,0.0
45307.5,1339200.0,01/16/2024,0.8582583926555082,-4.414056941391097e-14,0.0
45307.542969,1342912.5216001645,01/16/2024,0.8570483926555077,-5.6736029668513417e-14,0.0
45307.582031,1346287.4783998355,01/16/2024,0.855848392655507,-6.21353611477751e-14,0.0
45307.625,1350000.0,01/16/2024,0.8546583926555059,-8.876599859265069e-14,0.0
45307.667969,1353712.5216001645,01/16/2024,0.8534783926555045,-1.1490841963824017e-13,0.0
45307.707031,1357087.4783998355,01/16/2024,0.8523083926555061,-7.73208783752782e-14,0.0
45307.75,1360800.0,01/16/2024,0.8511483926555073,-9.25128409132574e-14,0.0
45307.792969,1364512.5216001645,01/16/2024,0.8499983926555084,-4.218706325024571e-14,0.0
45307.832031,1367887.4783998355,01/16/2024,0.8488583926555089,-8.327868418078843e-15,0.0
45307.875,1371600.0,01/16/2024,0.8477283926555091,2.006119553579681e-14,0.0
45307.917969,1375312.5216001645,01/16/2024,0.8466083926555089,-6.490215009129873e-14,0.0
45307.957031,1378687.4783998355,01/16/2024,0.8454983926555084,-9.328840705693124e-14,0.0
45308.0,1382400.0,01/17/2024,0.8443983926555074,-9.761436860608948e-14,0.0
45308.042969,1386112.5216001645,01/17/2024,0.8433083926555061,-1.2257807790844273e-13,0.0
45308.082031,1389487.4783998355,01/17/2024,0.8422183926555046,-7.301140409754853e-14,0.0
45308.125,1393200.0,01/17/2024,0.8411383926555029,-5.02070605424726e-14,0.0
45308.167969,1396912.5216001645,01/17/2024,0.8400683926555044,-1.3648628066125706e-13,0.0
45308.207031,1400287.4783998355,01/17/2024,0.8390083926555055,-5.424483572826712e-14,0.0
45308.25,1404000.0,01/17/2024,0.8379583926555062,-1.1932521919351777e-13,0.0
45308.292969,1407712.5216001645,01/17/2024,0.8369183926555065,-1.194486174460601e-14,0.0
45308.332031,1411087.4783998355,01/17/2024,0.8358883926555065,-8.314316059478918e-14,0.0
45308.375,1414800.0,01/17/2024,0.8348683926555059,-2.7744316493741196e-14,0.0
45308.417969,1418512.5216001645,01/17/2024,0.8338583926555051,-7.104480573338432e-14,0.0
45308.457031,1421887.4783998355,01/17/2024,0.832858392655504,-3.8559076868248867e-14,0.0
45308.5,1425600.0,01/17/2024,0.8318583926555028,-9.020244158488681e-14,0.0
45308.542969,1429312.5216001645,01/17/2024,0.8308683926555012,-8.558759903074674e-14,0.0
45308.582031,1432687.4783998355,01/17/2024,0.8298883926555028,-1.676526703476591e-14,0.0
45308.625,1436400.0,01/17/2024,0.828918392655504,-2.2292588057556264e-14,0.0
45308.667969,1440112.5216001645,01/17/2024,0.8279583926555049,-1.6006670728135332e-14,0.0
45308.707031,1443487.4783998355,01/17/2024,0.8270083926555054,-4.9947630309756813e-14,0.0
45308.75,1447200.0,01/17/2024,0.8260683926555055,-1.2213869350292824e-14,0.0
45308.792969,1450912.5216001645,01/17/2024,0.8251283926555055,6.240364045246882e-15,0.0
45308.832031,1454287.4783998355,01/17/2024,0.8241983926555052,4.119799580998196e-14,0.0
45308.875,1458000.0,01/17/2024,0.8232783926555046,-4.497769542116268e-14,0.0
45308.917969,1461712.5216001645,01/17/2024,0.8223683926555035,-1.28876799020051e-13,0.0
45308.957031,1465087.4783998355,01/17/2024,0.8214683926555022,-1.7771746447585976e-13,0.0
45309.0,1468800.0,01/18/2024,0.820578392655504,-1.6688724720367952e-13,0.0
45309.042969,1472512.5216001645,01/18/2024,0.8196883926555059,-1.6712541405869635e-13,0.0
45309.082031,1475887.4783998355,01/18/2024,0.8188083926555072,-1.4867729678255477e-13,0.0
45309.125,1479600.0,01/18/2024,0.8179383926555082,-1.1343497554888916e-13,0.0
45309.167969,1483312.5216001645,01/18/2024,0.8170783926555087,-2.0312184427527756e-13,0.0
45309.207031,1486687.4783998355,01/18/2024,0.816228392655509,-1.0850541300685622e-13,0.0
45309.25,1490400.0,01/18/2024,0.8153883926555089,-8.105284343326512e-14,0.0
45309.292969,1494112.5216001645,01/18/2024,0.8145483926555087,-1.4905230728099215e-13,0.0
45309.332031,1497487.4783998355,01/18/2024,0.8137183926555083,-1.292926805839248e-13,0.0
45309.375,1501200.0,01/18/2024,0.8128983926555075,-1.3540279467311964e-13,0.0
45309.417969,1504912.5216001645,01/18/2024,0.8120883926555063,-1.7473560178659825e-13,0.0
45309.457031,1508287.4783998355,01/18/2024,0.8112883926555046,-2.115180573731204e-13,0.0
45309.5,1512000.0,01/18/2024,0.8104883926555029,-2.204120141805178e-13,0.0
45309.542969,1515712.5216001645,01/18/2024,0.8096983926555044,-1.5865955596609126e-13,0.0
45309.582031,1519087.4783998355,01/18/2024,0.8089183926555055,-1.356517750857751e-13,0.0
45309.625,1522800.0,01/18/2024,0.8081483926555062,-1.1940508518089554e-13,0.0
45309.667969,1526512.5216001645,01/18/2024,0.807378392655507,-1.0639208228513384e-13,0.0
45309.707031,1529887.4783998355,01/18/2024,0.8066183926555074,-1.363971552407014e-13,0.0
45309.75,1533600.0,01/18/2024,0.8058683926555074,-5.236700840970496e-14,0.0
45309.792969,1537312.5216001645,01/18/2024,0.8051283926555068,-1.0174959809524238e-13,0.0
45309.832031,1540687.4783998355,01/18/2024,0.8043883926555064,1.0917375154132483e-16,0.0
45309.875,1544400.0,01/18/2024,0.8036583926555056,-7.230586551380243e-14,0.0
45309.917969,1548112.5216001645,01/18/2024,0.8029383926555045,-1.5646313669659448e-13,0.0
45309.957031,1551487.4783998355,01/18/2024,0.8022283926555029,-1.2238821166983583e-13,0.0
45310.0,1555200.0,01/19/2024,0.8015183926555015,-1.067661393003115e-13,0.0
45310.042969,1558912.5216001645,01/19/2024,0.8008183926555034,-1.7239467342927904e-13,0.0
45310.082031,1562287.4783998355,01/19/2024,0.800118392655505,-5.0254598293630544e-14,0.0
45310.125,1566000.0,01/19/2024,0.7994283926555062,-1.6742916197813925e-13,0.0
45310.167969,1569712.5216001645,01/19/2024,0.7987383926555075,-1.428804474650268e-13,0.0
45310.207031,1573087.4783998355,01/19/2024,0.7980583926555084,-9.64630017409683e-14,0.0
45310.25,1576800.0,01/19/2024,0.7973783926555094,-7.476131379983954e-14,0.0
45310.292969,1580512.5216001645,01/19/2024,0.7966983926555102,-1.1862527372189364e-13,0.0
45310.332031,1583887.4783998355,01/19/2024,0.7960283926555107,-1.7627329583027008e-13,0.0
45310.375,1587600.0,01/19/2024,0.7953583926555112,-8.548870862190379e-14,0.0
45310.417969,1591312.5216001645,01/19/2024,0.7946883926555118,-6.902380079162943e-14,0.0
45310.457031,1594687.4783998355,01/19/2024,0.794028392655512,-1.5799768817516256e-13,0.0
45310.5,1598400.0,01/19/2024,0.7933683926555121,-1.5687027506872029e-13,0.0
45310.542969,1602112.5216001645,01/19/2024,0.7927183926555119,-1.0701342178039084e-13,0.0
45310.582031,1605487.4783998355,01/19/2024,0.7920683926555117,-2.1259034100794837e-13,0.0
45310.625,1609200.0,01/19/2024,0.7914183926555114,-1.6025868952512758e-13,0.0
45310.667969,1612912.5216001645,01/19/2024,0.7907783926555109,7.315991698122756e-14,0.0
45310.707031,1616287.4783998355,01/19/2024,0.7901383926555102,-9.345022339109524e-14,0.0
45310.75,1620000.0,01/19/2024,0.7894983926555096,-1.0021089808274453e-13,0.0
45310.792969,1623712.5216001645,01/19/2024,0.7888683926555086,-7.638509286559169e-14,0.0
45310.832031,1627087.4783998355,01/19/2024,0.7882383926555075,-2.5047043328304585e-14,0.0
45310.875,1630800.0,01/19/2024,0.7876183926555061,-4.9215135119521707e-14,0.0
45310.917969,1634512.5216001645,01/19/2024,0.7869983926555049,-2.945995318123862e-14,0.0
45310.957031,1637887.4783998355,01/19/2024,0.7863783926555035,-6.939411734211489e-14,0.0
45311.0,1641600.0,01/20/2024,0.7857683926555017,-6.454177449401736e-14,0.0
45311.042969,1645312.5216001645,01/20/2024,0.7851583926554999,1.6791821031512775e-14,0.0
45311.082031,1648687.4783998355,01/20/2024,0.7845483926554981,-4.5760608371821816e-14,0.0
45311.125,1652400.0,01/20/2024,0.7839483926554996,-9.576896240995193e-14,0.0
45311.167969,1656112.5216001645,01/20/2024,0.783348392655501,-2.5277791730190752e-14,0.0
45311.207031,1659487.4783998355,01/20/2024,0.7827583926555022,7.135786430557149e-15,0.0
45311.25,1663200.0,01/20/2024,0.7821683926555032,3.772505698827794e-14,0.0
45311.292969,1666912.5216001645,01/20/2024,0.7815783926555042,-7.203112650612938e-14,0.0
45311.332031,1670287.4783998355,01/20/2024,0.7809983926555047,-2.8768210137956545e-14,0.0
45311.375,1674000.0,01/20/2024,0.7804183926555055,9.043149626276256e-15,0.0
45311.417969,1677712.5216001645,01/20/2024,0.7798383926555063,-1.656735617306906e-14,0.0
45311.457031,1681087.4783998355,01/20/2024,0.7792683926555065,4.0279765776507815e-14,0.0
45311.5,1684800.0,01/20/2024,0.7786983926555069,8.450152539503162e-16,0.0
45311.542969,1688512.5216001645,01/20/2024,0.7781383926555068,1.7710512645908344e-14,0.0
45311.582031,1691887.4783998355,01/20/2024,0.7775783926555068,3.736300383120683e-14,0.0
45311.625,1695600.0,01/20/2024,0.7770183926555067,1.5117866502290632e-13,0.0
45311.667969,1699312.5216001645,01/20/2024,0.7764683926555063,5.483309608225679e-14,0.0
45311.707031,1702687.4783998355,01/20/2024,0.7759183926555058,2.1302224241121557e-15,0.0
45311.75,1706400.0,01/20/2024,0.7753683926555053,3.817435450815546e-14,0.0
45311.792969,1710112.5216001645,01/20/2024,0.7748283926555044,-9.568123044945512e-14,0.0
45311.832031,1713487.4783998355,01/20/2024,0.7742883926555035,2.885744103192437e-14,0.0
45311.875,1717200.0,01/20/2024,0.7737483926555027,-4.6326834342886324e-15,0.0
45311.917969,1720912.5216001645,01/20/2024,0.7732183926555013,2.2407585705747835e-14,0.0
45311.957031,1724287.4783998355,01/20/2024,0.7726883926555002,-1.8795411523620782e-14,0.0
45312.0,1728000.0,01/21/2024,0.7721683926554985,6.064014526494082e-14,0.0
45312.042969,1731712.5216001645,01/21/2024,0.771648392655497,3.811985593825788e-15,0.0
45312.082031,1735087.4783998355,01/21/2024,0.7711283926554954,-2.862890157055004e-14,0.0
45312.125,1738800.0,01/21/2024,0.770618392655497,-4.2151023764603295e-14,0.0
45312.167969,1742512.5216001645,01/21/2024,0.7701083926554987,7.500803145682744e-14,0.0
45312.207031,1745887.4783998355,01/21/2024,0.7695983926555002,1.6303511835900236e-14,0.0
45312.25,1749600.0,01/21/2024,0.7690983926555014,-7.250596070320029e-14,0.0
45312.292969,1753312.5216001645,01/21/2024,0.7685983926555026,2.385410285968181e-14,0.0
45312.332031,1756687.4783998355,01/21/2024,0.7680983926555038,-1.2519050111760146e-14,0.0
45312.375,1760400.0,01/21/2024,0.7676083926555047,-9.787449414408071e-15,0.0
45312.417969,1764112.5216001645,01/21/2024,0.7671183926555055,1.509422729939863e-16,0.0
45312.457031,1767487.4783998355,01/21/2024,0.7666283926555063,7.840546710960742e-14,0.0
45312.5,1771200.0,01/21/2024,0.7661483926555067,-6.244212300878674e-15,0.0
45312.542969,1774912.5216001645,01/21/2024,0.7656683926555071,2.383910895011999e-14,0.0
45312.582031,1778287.4783998355,01/21/2024,0.7651883926555076,3.61895460826146e-14,0.0
45312.625,1782000.0,01/21/2024,0.7647183926555077,1.0791068206085579e-13,0.0
45312.667969,1785712.5216001645,01/21/2024,0.7642483926555077,1.3223141415018386e-14,0.0
45312.707031,1789087.4783998355,01/21/2024,0.7637883926555074,2.51290314692832e-14,0.0
45312.75,1792800.0,01/21/2024,0.763328392655507,-9.196138299373322e-14,0.0
45312.792969,1796512.5216001645,01/21/2024,0.7628683926555068,-2.088785707536439e-13,0.0
45312.832031,1799887.4783998355,01/21/2024,0.762418392655506,-1.372426045894212e-13,0.0
45312.875,1803600.0,01/21/2024,0.7619683926555054,-1.1781018292784962e-13,0.0
45312.917969,1807312.5216001645,01/21/2024,0.7615183926555046,-3.1708679413406523e-15,0.0
45312.957031,1810687.4783998355,01/21/2024,0.7610783926555036,2.463182597309187e-14,0.0
45313.0,1814400.0,01/22/2024,0.7606383926555024,5.694339960355824e-14,0.0
45313.042969,1818112.5216001645,01/22/2024,0.7601983926555013,-7.310505177598288e-15,0.0
45313.082031,1821487.4783998355,01/22/2024,0.7597683926554999,-1.036216119123589e-14,0.0
45313.125,1825200.0,01/22/2024,0.7593383926554984,-3.1534067525253377e-15,0.0
45313.167969,1828912.5216001645,01/22/2024,0.7589083926554969,4.385712939850396e-14,0.0
45313.207031,1832287.4783998355,01/22/2024,0.7584883926554986,1.6249657446165426e-15,0.0
45313.25,1836000.0,01/22/2024,0.7580683926555004,-2.835920450090462e-14,0.0
45313.292969,1839712.5216001645,01/22/2024,0.757648392655502,-1.544257920074285e-13,0.0
45313.332031,1843087.4783998355,01/22/2024,0.7572383926555033,-3.887212819410122e-14,0.0
45313.375,1846800.0,01/22/2024,0.7568283926555046,4.0575568721965e-14,0.0
45313.417969,1850512.5216001645,01/22/2024,0.7564183926555059,4.5459617996030195e-14,0.0
45313.457031,1853887.4783998355,01/22/2024,0.7560183926555069,-3.348944258690608e-14,0.0
45313.5,1857600.0,01/22/2024,0.7556183926555079,1.9588289390105015e-14,0.0
45313.542969,1861312.5216001645,01/22/2024,0.7552183926555088,4.611364902613678e-14,0.0
45313.582031,1864687.4783998355,01/22/2024,0.7548283926555094,-3.6193388195137875e-15,0.0
45313.625,1868400.0,01/22/2024,0.7544383926555099,-2.5857261772062974e-14,0.0
45313.667969,1872112.5216001645,01/22/2024,0.7540483926555105,-1.2840111598988104e-14,0.0
45313.707031,1875487.4783998355,01/22/2024,0.7536683926555106,-1.1271029152583593e-14,0.0
45313.75,1879200.0,01/22/2024,0.7532883926555107,-7.109810064992171e-14,0.0
45313.792969,1882912.5216001645,01/22/2024,0.7529083926555111,-7.787214667129837e-14,0.0
45313.832031,1886287.4783998355,01/22/2024,0.7525283926555114,-7.260798304596327e-14,0.0
45313.875,1890000.0,01/22/2024,0.7521583926555112,-7.009503337540911e-14,0.0
45313.917969,1893712.5216001645,01/22/2024,0.751788392655511,-1.1098165687956073e-14,0.0
45313.957031,1897087.4783998355,01/22/2024,0.7514183926555108,-6.211241842949579e-15,0.0
45314.0,1900800.0,01/23/2024,0.7510483926555108,5.872170948018104e-16,0.0
45314.042969,1904512.5216001645,01/23/2024,0.7506783926555106,9.041391283200725e-16,0.0
45314.082031,1907887.4783998355,01/23/2024,0.7503083926555105,-1.4954251460798217e-14,0.0
45314.125,1911600.0,01/23/2024,0.7499483926555099,-2.9955271468843215e-14,0.0
45314.167969,1915312.5216001645,01/23/2024,0.7495883926555094,4.3618859022945e-14,0.0
45314.207031,1918687.4783998355,01/23/2024,0.7492283926555088,5.3766310534076e-14,0.0
45314.25,1922400.0,01/23/2024,0.7488683926555083,8.023547405883879e-15,0.0
45314.292969,1926112.5216001645,01/23/2024,0.7485083926555077,5.0166386542839255e-14,0.0
45314.332031,1929487.4783998355,01/23/2024,0.7481483926555071,1.9628282924625944e-14,0.0
45314.375,1933200.0,01/23/2024,0.7477883926555067,2.8592778370610715e-14,0.0
45314.417969,1936912.5216001645,01/23/2024,0.7474383926555057,2.655702566430776e-14,0.0
45314.457031,1940287.4783998355,01/23/2024,0.7470883926555049,3.189916395427017e-15,0.0
45314.5,1944000.0,01/23/2024,0.7467383926555039,8.503587528272235e-15,0.0
45314.542969,1947712.5216001645,01/23/2024,0.7463883926555029,1.0021232579446554e-13,0.0
45314.582031,1951087.4783998355,01/23/2024,0.746038392655502,7.314559698478392e-14,0.0
45314.625,1954800.0,01/23/2024,0.745688392655501,3.4965489891296374e-14,0.0
45314.667969,1958512.5216001645,01/23/2024,0.7453483926554998,-2.374702102102626e-15,0.0
45314.707031,1961887.4783998355,01/23/2024,0.7450083926554985,-8.95865913206106e-15,0.0
45314.75,1965600.0,01/23/2024,0.7446683926554973,6.0555212605413384e-15,0.0
45314.792969,1969312.5216001645,01/23/2024,0.744328392655496,3.1963573428071524e-14,0.0
45314.832031,1972687.4783998355,01/23/2024,0.7357683926554974,1.2193900864566528e-12,0.0
45314.875,1976400.0,01/23/2024,0.5089383926554989,1.9814468334999076e-12,0.0
45314.917969,1980112.5216001645,01/23/2024,0.4207483926554983,8.019918501092114e-13,0.0
45314.957031,1983487.4783998355,01/23/2024,0.37155839265549917,5.647387547406104e-13,0.0
45315.0,1987200.0,01/24/2024,0.3393883926554985,1.807202581836405e-13,0.0
45315.042969,1990912.5216001645,01/24/2024,0.31598839265549983,1.6813337651391212e-13,0.0
45315.082031,1994287.4783998355,01/24/2024,0.29802839265550124,2.626054882827306e-14,0.0
45315.125,1998000.0,01/24/2024,0.28358839265550084,1.1977018159099057e-13,0.0
45315.167969,2001712.5216001645,01/24/2024,0.27157839265550077,2.6716521308185615e-14,0.0
45315.207031,2005087.4783998355,01/24/2024,0.2614583926555002,1.2629918063095842e-14,0.0
45315.25,2008800.0,01/24/2024,0.2528283926555001,3.692495028482583e-14,0.0
45315.292969,2012512.5216001645,01/24/2024,0.24515839265549919,1.4671770462210057e-13,0.0
45315.332031,2015887.4783998355,01/24/2024,0.23836839265550042,-5.46208010187966e-14,0.0
45315.375,2019600.0,01/24/2024,0.23237839265549987,1.5996469467585032e-13,0.0
45315.417969,2023312.5216001645,01/24/2024,0.22700839265550068,6.05232303421118e-14,0.0
45315.457031,2026687.4783998355,01/24/2024,0.2220583926554998,-6.857684955273146e-14,0.0
45315.5,2030400.0,01/24/2024,0.21750839265550154,1.2381037441039013e-13,0.0
45315.542969,2034112.5216001645,01/24/2024,0.21333839265550303,-2.9734618894272896e-14,0.0
45315.582031,2037487.4783998355,01/24/2024,0.20951839265550204,-5.715933311384547e-14,0.0
45315.625,2041200.0,01/24/2024,0.2060183926555031,6.040843753405784e-14,0.0
45315.667969,2044912.5216001645,01/24/2024,0.2027783926555014,9.006576001251464e-14,0.0
45315.707031,2048287.4783998355,01/24/2024,0.19970839265550036,5.222413075976151e-14,0.0
45315.75,2052000.0,01/24/2024,0.19680839265550004,1.207731587280971e-14,0.0
45315.792969,2055712.5216001645,01/24/2024,0.19406839265550074,-5.004497072456201e-14,0.0
45315.832031,2059087.4783998355,01/24/2024,0.19148839265550252,-5.0759525633078124e-14,0.0
45315.875,2062800.0,01/24/2024,0.18905839265550214,-9.945436139661825e-14,0.0
45315.917969,2066512.5216001645,01/24/2024,0.18676839265550357,-3.9049653131207916e-14,0.0
45315.957031,2069887.4783998355,01/24/2024,0.18461839265550323,-1.1579287810797353e-13,0.0
45316.0,2073600.0,01/25/2024,0.18258839265550192,-1.425828882494604e-13,0.0
45316.042969,2077312.5216001645,01/25/2024,0.18066839265550355,-1.1946091507503475e-13,0.0
45316.082031,2080687.4783998355,01/25/2024,0.17882839265550218,9.489325588283952e-15,0.0
45316.125,2084400.0,01/25/2024,0.17704839265550204,1.4834488643230425e-13,0.0
45316.167969,2088112.5216001645,01/25/2024,0.17533839265550283,-6.763994316045294e-14,0.0
45316.207031,2091487.4783998355,01/25/2024,0.17368839265550134,-5.506828729416724e-15,0.0
45316.25,2095200.0,01/25/2024,0.17210839265550076,-1.214537365102701e-13,0.0
45316.292969,2098912.5216001645,01/25/2024,0.17058839265550146,-1.0337972131141763e-13,0.0
45316.332031,2102287.4783998355,01/25/2024,0.16912839265549995,9.257093836960393e-14,0.0
45316.375,2106000.0,01/25/2024,0.16772839265549963,-1.3021116941517416e-13,0.0
45316.417969,2109712.5216001645,01/25/2024,0.16637839265550103,5.2452037367557205e-14,0.0
45316.457031,2113087.4783998355,01/25/2024,0.16508839265550013,6.965079709623241e-14,0.0
45316.5,2116800.0,01/25/2024,0.16384839265550089,-1.775195773072006e-15,0.0
45316.542969,2120512.5216001645,01/25/2024,0.16265839265549978,-7.257749888719434e-14,0.0
45316.582031,2123887.4783998355,01/25/2024,0.16151839265550033,1.0537390453254446e-13,0.0
45316.625,2127600.0,01/25/2024,0.16041839265549934,5.8768311891769e-14,0.0
45316.667969,2131312.5216001645,01/25/2024,0.15935839265550036,6.581965705776511e-14,0.0
45316.707031,2134687.4783998355,01/25/2024,0.15831839265550068,-8.768654958145351e-14,0.0
45316.75,2138400.0,01/25/2024,0.1573083926554998,-7.651010897114826e-14,0.0
45316.792969,2142112.5216001645,01/25/2024,0.15631839265549824,-4.5007354738379044e-14,0.0
45316.832031,2145487.4783998355,01/25/2024,0.15535839265549906,-1.0393472847127702e-13,0.0
45316.875,2149200.0,01/25/2024,0.15441839265549911,-1.0103208005314984e-13,0.0
45316.917969,2152912.5216001645,01/25/2024,0.15349839265549836,-4.353411275959887e-14,0.0
45316.957031,2156287.4783998355,01/25/2024,0.15260839265550008,5.727218232076558e-14,0.0
45317.0,2160000.0,01/26/2024,0.15173839265550107,-1.373680229232604e-13,0.0
45317.042969,2163712.5216001645,01/26/2024,0.1508883926555013,2.6813769351499163e-14,0.0
45317.082031,2167087.4783998355,01/26/2024,0.15006839265550037,-1.2984521804249417e-13,0.0
45317.125,2170800.0,01/26/2024,0.14926839265549868,3.964294768125412e-15,0.0
45317.167969,2174512.5216001645,01/26/2024,0.1484883926554998,2.653778141843156e-14,0.0
45317.207031,2177887.4783998355,01/26/2024,0.14772839265550017,-5.154715915697873e-14,0.0
45317.25,2181600.0,01/26/2024,0.1469883926554998,-9.516082210418188e-14,0.0
45317.292969,2185312.5216001645,01/26/2024,0.14626839265549862,-8.572161939059533e-14,0.0
45317.332031,2188687.4783998355,01/26/2024,0.14556839265550026,-1.4190408245287183e-13,0.0
45317.375,2192400.0,01/26/2024,0.14488839265550113,1.4279549467184572e-14,0.0
45317.417969,2196112.5216001645,01/26/2024,0.14422839265550125,8.656542923283212e-14,0.0
45317.457031,2199487.4783998355,01/26/2024,0.1435883926555006,-8.83658208459886e-14,0.0
45317.5,2203200.0,01/26/2024,0.1429583926554996,-1.455628634030628e-13,0.0
45317.542969,2206912.5216001645,01/26/2024,0.14234839265549784,3.599081567236467e-15,0.0
45317.582031,2210287.4783998355,01/26/2024,0.14175839265549886,-4.700161282134172e-14,0.0
45317.625,2214000.0,01/26/2024,0.14117839265549953,-7.253537209998895e-14,0.0
45317.667969,2217712.5216001645,01/26/2024,0.1406083926554998,7.127015467807234e-14,0.0
45317.707031,2221087.4783998355,01/26/2024,0.14003839265550005,3.864818414935408e-14,0.0
45317.75,2224800.0,01/26/2024,0.13947839265549994,-4.7187267880037996e-14,0.0
45317.792969,2228512.5216001645,01/26/2024,0.13892839265549944,-1.5253409636788214e-13,0.0
45317.832031,2231887.4783998355,01/26/2024,0.13838839265549857,-2.4660689333204712e-14,0.0
45317.875,2235600.0,01/26/2024,0.13785839265549735,-9.6896806641637e-14,0.0
45317.917969,2239312.5216001645,01/26/2024,0.13733839265549572,9.851087396913813e-14,0.0
45317.957031,2242687.4783998355,01/26/2024,0.1368283926554973,-2.795711883747351e-14,0.0
45318.0,2246400.0,01/27/2024,0.13632839265549845,-1.2325764658349232e-13,0.0
45318.042969,2250112.5216001645,01/27/2024,0.13583839265549924,-9.799933849731871e-14,0.0
45318.082031,2253487.4783998355,01/27/2024,0.13534839265550003,-9.174361207899035e-14,0.0
45318.125,2257200.0,01/27/2024,0.1348683926555005,-5.127183663332827e-14,0.0
45318.167969,2260912.5216001645,01/27/2024,0.13439839265550052,-6.343990053325636e-14,0.0
45318.207031,2264287.4783998355,01/27/2024,0.13393839265550017,-2.888769785240626e-14,0.0
45318.25,2268000.0,01/27/2024,0.13348839265549944,-9.727072088750888e-15,0.0
45318.292969,2271712.5216001645,01/27/2024,0.13304839265549834,3.2874183901136714e-14,0.0
45318.332031,2275087.4783998355,01/27/2024,0.13260839265549726,-1.771121418187781e-13,0.0
45318.375,2278800.0,01/27/2024,0.13217839265549577,4.229604990674152e-14,0.0
45318.417969,2282512.5216001645,01/27/2024,0.13175839265549744,-3.018687414300626e-14,0.0
45318.457031,2285887.4783998355,01/27/2024,0.13134839265549877,-7.894252791270075e-14,0.0
45318.5,2289600.0,01/27/2024,0.1309383926555001,-5.640852010391605e-14,0.0
45318.542969,2293312.5216001645,01/27/2024,0.13053839265550105,-1.1035625071749901e-13,0.0
45318.582031,2296687.4783998355,01/27/2024,0.13014839265550163,-2.815079486794297e-14,0.0
45318.625,2300400.0,01/27/2024,0.12976839265550177,-8.138133369937102e-14,0.0
45318.667969,2304112.5216001645,01/27/2024,0.12938839265550195,-7.364189673888402e-14,0.0
45318.707031,2307487.4783998355,01/27/2024,0.12901839265550175,-4.8322226727430204e-14,0.0
45318.75,2311200.0,01/27/2024,0.12865839265550116,-3.801374047860781e-14,0.0
45318.792969,2314912.5216001645,01/27/2024,0.12829839265550058,-8.712024456237303e-14,0.0
45318.832031,2318287.4783998355,01/27/2024,0.12794839265549962,-5.0324502746335664e-14,0.0
45318.875,2322000.0,01/27/2024,0.1276083926554983,-8.848925048424491e-14,0.0
45318.917969,2325712.5216001645,01/27/2024,0.12726839265549697,-3.366167802832785e-16,0.0
45318.957031,2329087.4783998355,01/27/2024,0.12693839265549522,-1.7822982039142263e-13,0.0
45319.0,2332800.0,01/28/2024,0.12661839265549674,-1.3662623306903604e-13,0.0
45319.042969,2336512.5216001645,01/28/2024,0.1262983926554982,-5.903438010582413e-14,0.0
45319.082031,2339887.4783998355,01/28/2024,0.12597839265549965,2.0738049076047188e-14,0.0
45319.125,2343600.0,01/28/2024,0.12566839265550075,-2.14202501350577e-14,0.0
45319.167969,2347312.5216001645,01/28/2024,0.12535839265550186,-7.715941608320516e-14,0.0
45319.207031,2350687.4783998355,01/28/2024,0.12504839265550294,-7.382516934818016e-14,0.0
45319.25,2354400.0,01/28/2024,0.12474839265550364,-5.536704460216537e-14,0.0
45319.292969,2358112.5216001645,01/28/2024,0.12444839265550435,-6.270536705227379e-14,0.0
45319.332031,2361487.4783998355,01/28/2024,0.12414839265550505,-9.531188237384401e-14,0.0
45319.375,2365200.0,01/28/2024,0.12385839265550537,-7.02819560195055e-14,0.0
45319.417969,2368912.5216001645,01/28/2024,0.12356839265550569,-1.5074211282784527e-13,0.0
45319.457031,2372287.4783998355,01/28/2024,0.12327839265550601,-7.613673486483304e-14,0.0
45319.5,2376000.0,01/28/2024,0.12299839265550595,-3.6630030079841785e-14,0.0
45319.542969,2379712.5216001645,01/28/2024,0.1227183926555059,-2.9258299260500983e-14,0.0
45319.582031,2383087.4783998355,01/28/2024,0.12243839265550584,-5.789119951436274e-14,0.0
45319.625,2386800.0,01/28/2024,0.1221683926555054,-3.269972354140825e-14,0.0
45319.667969,2390512.5216001645,01/28/2024,0.12189839265550496,-6.739724934712945e-14,0.0
45319.707031,2393887.4783998355,01/28/2024,0.12162839265550454,-7.44488631906426e-14,0.0
45319.75,2397600.0,01/28/2024,0.12136839265550373,-4.3702696670548607e-14,0.0
45319.792969,2401312.5216001645,01/28/2024,0.12110839265550291,-9.014547349914276e-14,0.0
45319.832031,2404687.4783998355,01/28/2024,0.1208483926555021,-5.064590215946207e-14,0.0
45319.875,2408400.0,01/28/2024,0.1205983926555009,1.0155076012599946e-14,0.0
45319.917969,2412112.5216001645,01/28/2024,0.12034839265549974,-1.1030276153911988e-13,0.0
45319.957031,2415487.4783998355,01/28/2024,0.12009839265549854,-2.7132954534371264e-14,0.0
45320.0,2419200.0,01/29/2024,0.11985839265549697,-8.634991702566415e-14,0.0
45320.042969,2422912.5216001645,01/29/2024,0.11961839265549538,-8.701652667758588e-14,0.0
45320.082031,2426287.4783998355,01/29/2024,0.11937839265549383,-4.901516699558664e-14,0.0
45320.125,2430000.0,01/29/2024,0.11913839265549228,-1.9532890520395955e-14,0.0
45320.167969,2433712.5216001645,01/29/2024,0.11890839265549391,-1.7312686768988898e-13,0.0
45320.207031,2437087.4783998355,01/29/2024,0.11867839265549551,-8.289603899666025e-14,0.0
45320.25,2440800.0,01/29/2024,0.11844839265549713,-6.373599037689983e-14,0.0
45320.292969,2444512.5216001645,01/29/2024,0.11822839265549835,-6.425015721243044e-14,0.0
45320.332031,2447887.4783998355,01/29/2024,0.11800839265549959,-1.304965724304187e-13,0.0
45320.375,2451600.0,01/29/2024,0.11778839265550083,-1.25514853891398e-13,0.0
45320.417969,2455312.5216001645,01/29/2024,0.11756839265550205,-1.2724816649839523e-13,0.0
45320.457031,2458687.4783998355,01/29/2024,0.11735839265550291,-3.075045464398331e-14,0.0
45320.5,2462400.0,01/29/2024,0.11714839265550377,-6.176861852353776e-14,0.0
45320.542969,2466112.5216001645,01/29/2024,0.1169383926555046,-7.827371408017463e-14,0.0
45320.582031,2469487.4783998355,01/29/2024,0.11673839265550509,-1.2730861141502237e-13,0.0
45320.625,2473200.0,01/29/2024,0.11653839265550557,2.3211825475291702e-14,0.0
45320.667969,2476912.5216001645,01/29/2024,0.11633839265550605,-8.40189569051451e-14,0.0
45320.707031,2480287.4783998355,01/29/2024,0.11613839265550653,-2.2373737895005573e-14,0.0
45320.75,2484000.0,01/29/2024,0.11594839265550663,-6.742038866749955e-14,0.0
45320.792969,2487712.5216001645,01/29/2024,0.11575839265550672,-1.1671310309542737e-13,0.0
45320.832031,2491087.4783998355,01/29/2024,0.11556839265550682,-1.2569970807488502e-13,0.0
45320.875,2494800.0,01/29/2024,0.11537839265550691,-8.831778611776515e-14,0.0
45320.917969,2498512.5216001645,01/29/2024,0.11519839265550663,-8.346222042448821e-14,0.0
45320.957031,2501887.4783998355,01/29/2024,0.11501839265550634,-8.907598417343012e-14,0.0
45321.0,2505600.0,01/30/2024,0.11483839265550605,-1.3344149240838508e-13,0.0
45321.042969,2509312.5216001645,01/30/2024,0.11465839265550577,-1.3760678183163744e-13,0.0
45321.082031,2512687.4783998355,01/30/2024,0.11448839265550512,-1.8841097055750955e-14,0.0
45321.125,2516400.0,01/30/2024,0.11431839265550445,-5.974022394697852e-14,0.0
45321.167969,2520112.5216001645,01/30/2024,0.11414839265550378,-2.742946732717171e-14,0.0
45321.207031,2523487.4783998355,01/30/2024,0.11397839265550311,-1.4996247204683527e-13,0.0
45321.25,2527200.0,01/30/2024,0.11380839265550245,-1.6978087760953654e-13,0.0
45321.292969,2530912.5216001645,01/30/2024,0.11363839265550177,-7.241176159243615e-14,0.0
45321.332031,2534287.4783998355,01/30/2024,0.11346839265550111,-7.430928628452706e-14,0.0
45321.375,2538000.0,01/30/2024,0.11330839265550006,-1.1764737791091815e-13,0.0
45321.417969,2541712.5216001645,01/30/2024,0.11314839265549903,-4.613802656580616e-14,0.0
45321.457031,2545087.4783998355,01/30/2024,0.11298839265549798,3.4619607785672604e-14,0.0
45321.5,2548800.0,01/30/2024,0.11282839265549693,-1.5867813453927423e-14,0.0
45321.542969,2552512.5216001645,01/30/2024,0.11266839265549589,7.660549276026632e-15,0.0
45321.582031,2555887.4783998355,01/30/2024,0.11250839265549485,-3.327956270595968e-14,0.0
45321.625,2559600.0,01/30/2024,0.1123483926554938,-1.1516885585735957e-13,0.0
45321.667969,2563312.5216001645,01/30/2024,0.11218839265549277,-8.909743077636521e-14,0.0
45321.707031,2566687.4783998355,01/30/2024,0.11203839265549136,-1.1347069765409349e-13,0.0
45321.75,2570400.0,01/30/2024,0.11188839265548994,-8.515040276215168e-14,0.0
45321.792969,2574112.5216001645,01/30/2024,0.1117383926554885,-4.227609011122326e-14,0.0
45321.832031,2577487.4783998355,01/30/2024,0.11158839265548709,1.564026058596573e-14,0.0
45321.875,2581200.0,01/30/2024,0.11143839265548568,1.4047572840538119e-14,0.0
45321.917969,2584912.5216001645,01/30/2024,0.11128839265548425,3.838506038526932e-14,0.0
45321.957031,2588287.4783998355,01/30/2024,0.11113839265548282,-8.165953214172434e-14,0.0
45322.0,2592000.0,01/31/2024,0.11098839265548141,-1.3153465147591902e-13,0.0
45322.042969,2595712.5216001645,01/31/2024,0.11083839265547998,-9.522586758880687e-14,0.0
45322.082031,2599087.4783998355,01/31/2024,0.11069839265548174,-9.75409546990666e-14,0.0
45322.125,2602800.0,01/31/2024,0.11055839265548349,-7.095790536379445e-14,0.0
45322.167969,2606512.5216001645,01/31/2024,0.11041839265548524,-2.467886842749832e-14,0.0
45322.207031,2609887.4783998355,01/31/2024,0.110278392655487,-4.144042747919693e-14,0.0
45322.25,2613600.0,01/31/2024,0.11013839265548875,-6.935747943069377e-14,0.0
45322.292969,2617312.5216001645,01/31/2024,0.1099983926554905,-6.956935522783772e-14,0.0
45322.332031,2620687.4783998355,01/31/2024,0.10985839265549226,-4.1050084550091134e-14,0.0
45322.375,2624400.0,01/31/2024,0.109718392655494,-2.8951900165931784e-15,0.0
45322.417969,2628112.5216001645,01/31/2024,0.10958839265549537,-4.07140726875585e-14,0.0
45322.457031,2631487.4783998355,01/31/2024,0.10945839265549676,-4.526851821740718e-14,0.0
45322.5,2635200.0,01/31/2024,0.10932839265549814,-6.831910815003785e-14,0.0
45322.542969,2638912.5216001645,01/31/2024,0.10919839265549951,-6.665230539160447e-14,0.0
45322.582031,2642287.4783998355,01/31/2024,0.10906839265550089,-7.407192536339422e-14,0.0
45322.625,2646000.0,01/31/2024,0.10893839265550226,-1.714572361771954e-14,0.0
45322.667969,2649712.5216001645,01/31/2024,0.10880839265550363,-8.619630359787505e-14,0.0
45322.707031,2653087.4783998355,01/31/2024,0.108678392655505,-4.8405820599504766e-14,0.0
45322.75,2656800.0,01/31/2024,0.10854839265550638,9.355692434471836e-15,0.0
45322.792969,2660512.5216001645,01/31/2024,0.10842839265550737,-6.017828107285437e-14,0.0
45322.832031,2663887.4783998355,01/31/2024,0.10830839265550836,-1.1767429164127559e-14,0.0
45322.875,2667600.0,01/31/2024,0.10818839265550936,-5.024247474796943e-14,0.0
45322.917969,2671312.5216001645,01/31/2024,0.10806839265551037,-1.2784394584280496e-13,0.0
45322.957031,2674687.4783998355,01/31/2024,0.10794839265551137,-1.2313734559721356e-13,0.0
45323.0,2678400.0,02/01/2024,0.10782839265551238,-1.9157920088876217e-13,0.0
45323.042969,2682112.5216001645,02/01/2024,0.10770839265551337,-1.406660595510286e-13,0.0
45323.082031,2685487.4783998355,02/01/2024,0.10758839265551436,-1.4821533743142972e-13,0.0
45323.125,2689200.0,02/01/2024,0.10746839265551533,-2.470146767545297e-13,0.0
45323.167969,2692912.5216001645,02/01/2024,0.10735839265551596,-9.969162063719467e-14,0.0
45323.207031,2696287.4783998355,02/01/2024,0.10724839265551657,-1.3787248280939875e-13,0.0
45323.25,2700000.0,02/01/2024,0.10713839265551718,-8.539480693362242e-14,0.0
45323.292969,2703712.5216001645,02/01/2024,0.10702839265551779,-9.593682527883204e-14,0.0
45323.332031,2707087.4783998355,02/01/2024,0.10691839265551842,-6.740437788614746e-14,0.0
45323.375,2710800.0,02/01/2024,0.10680839265551906,-2.047689774290231e-13,0.0
45323.417969,2714512.5216001645,02/01/2024,0.10669839265551967,-6.827515272005482e-14,0.0
45323.457031,2717887.4783998355,02/01/2024,0.1065883926555203,-1.0703606119831949e-13,0.0
45323.5,2721600.0,02/01/2024,0.10647839265552092,-1.7634376153117297e-13,0.0
45323.542969,2725312.5216001645,02/01/2024,0.10637839265552117,-9.979328610234325e-14,0.0
45323.582031,2728687.4783998355,02/01/2024,0.10627839265552139,-7.080214021217102e-14,0.0
45323.625,2732400.0,02/01/2024,0.1061783926555216,-1.748958651273159e-13,0.0
45323.667969,2736112.5216001645,02/01/2024,0.10607839265552185,-1.8417875798960487e-13,0.0
45323.707031,2739487.4783998355,02/01/2024,0.10597839265552209,-8.599974131491628e-14,0.0
45323.75,2743200.0,02/01/2024,0.10587839265552232,-1.1559141490688346e-13,0.0
45323.792969,2746912.5216001645,02/01/2024,0.10577839265552255,-3.2308471030904106e-14,0.0
45323.832031,2750287.4783998355,02/01/2024,0.1056783926555228,-1.505834771455667e-13,0.0
45323.875,2754000.0,02/01/2024,0.10557839265552305,-2.37057878278911e-13,0.0
45323.917969,2757712.5216001645,02/01/2024,0.10547839265552326,-2.1573178608389966e-13,0.0
45323.957031,2761087.4783998355,02/01/2024,0.10538839265552313,-1.1122338967729199e-13,0.0
45324.0,2764800.0,02/02/2024,0.105298392655523,-9.594213633960668e-14,0.0
