TIME_2DSOIL,TIME_PHREEQCRM,DATE,MINERAL_N,DELTA_NITRIFIED_N,DELTA_DENITRIFIED_N
45292.0,0.0,01/01/2024,25.507331357187546,0.0,0.0
45292.042969,3712.521600164473,01/01/2024,25.60237369330293,0.09684218133990197,0.0
45292.082031,7087.478399835527,01/01/2024,25.688146330392172,0.08758263661058663,0.0
45292.125,10800.0,01/01/2024,25.782134362641486,0.09579802827979944,0.0
45292.167969,14512.521600164473,01/01/2024,25.875539501256327,0.09522513615429562,0.0
45292.207031,17887.478399835527,01/01/2024,25.95980998588429,0.08609048123799723,0.0
45292.25,21600.0,01/01/2024,26.052164530124344,0.09418454280537114,0.0
45292.292969,25312.521600164473,01/01/2024,26.143978071904456,0.09365354049509989,0.0
45292.332031,28687.478399835527,01/01/2024,26.226833165713792,0.08469509092502747,0.0
45292.375,32400.0,01/01/2024,26.317678852844196,0.09268568429472024,0.0
45292.417969,36112.52160016447,01/01/2024,26.40803064851756,0.09219179468680105,0.0
45292.457031,39487.47839983553,01/01/2024,26.48957786523618,0.08339721409626888,0.0
45292.5,43200.0,01/01/2024,26.57901945599132,0.09129158932045711,0.0
45292.542969,46912.52160016447,01/01/2024,26.66800167818713,0.0908322218973614,0.0
45292.582031,50287.47839983553,01/01/2024,26.748351713366937,0.08219003467134134,0.0
45292.625,54000.0,01/01/2024,26.83650665161108,0.08999493568865091,0.0
45292.667969,57712.52160016447,01/01/2024,26.9242343315659,0.08956767960164247,0.0
45292.707031,61087.47839983553,01/01/2024,27.00347160774561,0.08106727460517127,0.0
45292.75,64800.0,01/01/2024,27.090420276421398,0.08877824714705707,0.0
45292.792969,68512.52160016447,01/01/2024,27.17693013555501,0.08832918790173205,0.0
45292.832031,71887.47839983553,01/01/2024,27.2550867275989,0.0799663786635667,0.0
45292.875,75600.0,01/01/2024,24.819647167167325,0.08761028534893178,0.0
45292.917969,79312.52160016447,01/01/2024,21.64440995862757,0.08725279029739652,0.0
45292.957031,82687.47839983553,01/01/2024,19.700295983585555,0.0790160204355792,0.0
45293.0,86400.0,01/02/2024,18.391462773666007,0.08659677999044568,0.0
45293.042969,90112.52160016447,01/02/2024,17.435784111176012,0.08626132864387914,0.0
45293.082031,93487.47839983553,01/02/2024,16.687981692824096,0.07813757695803147,0.0
45293.125,97200.0,01/02/2024,16.10652672526095,0.08564502595873513,0.0
45293.167969,100912.52160016447,01/02/2024,15.62219390772529,0.08533718159746417,0.0
45293.207031,104287.47839983553,01/02/2024,15.218343948879728,0.07731004011246334,0.0
45293.25,108000.0,01/02/2024,14.884430773477725,0.08475681978204408,0.0
45293.292969,111712.52160016447,01/02/2024,14.593851783732916,0.08446100086262431,0.0
45293.332031,115087.47839983553,01/02/2024,14.336835245236657,0.07653345228060848,0.0
45293.375,118800.0,01/02/2024,14.124624237599726,0.08391898270658693,0.0
45293.417969,122512.52160016447,01/02/2024,13.93866642682135,0.08364218111667299,0.0
45293.457031,125887.47839983553,01/02/2024,13.764432486528577,0.07580605332751533,0.0
45293.5,129600.0,01/02/2024,13.61684015177272,0.08313765843361187,0.0
45293.542969,133312.52160016447,01/02/2024,13.487210362333421,0.08288020429399046,0.0
45293.582031,136687.47839983553,01/02/2024,13.366849864389266,0.07512949806094271,0.0
45293.625,140400.0,01/02/2024,13.269410816522928,0.08241094653594683,0.0
45293.667969,144112.52160016447,01/02/2024,13.182812307916322,0.08217148787265671,0.0
45293.707031,147487.47839983553,01/02/2024,13.096772543163794,0.07450023209975676,0.0
45293.75,151200.0,01/02/2024,13.02624757823773,0.08173503022616657,0.0
45293.792969,154912.52160016447,01/02/2024,12.96354989116847,0.08151230896558648,0.0
45293.832031,158287.47839983553,01/02/2024,12.901024846311536,0.07391495025528139,0.0
45293.875,162000.0,01/02/2024,12.85314120995752,0.08110635860101167,0.0
45293.917969,165712.52160016447,01/02/2024,12.81216042450324,0.08089920528282057,0.0
45293.957031,169087.47839983553,01/02/2024,12.77042101182684,0.07337057841743277,0.0
45294.0,172800.0,01/03/2024,12.742222651664122,0.08052162945396724,0.0
45294.042969,176512.52160016447,01/03/2024,12.719011616785338,0.08032895579381005,0.0
45294.082031,179887.47839983553,01/03/2024,12.691655882495638,0.07286425656150097,0.0
45294.125,183600.0,01/03/2024,12.674723662586324,0.07997777161164965,0.0
45294.167969,187312.52160016447,01/03/2024,12.660912236831336,0.07979856524147522,0.0
45294.207031,190687.47839983553,01/03/2024,12.642955569040083,0.07239332528023912,0.0
45294.25,194400.0,01/03/2024,12.635267505728514,0.07947192801892555,0.0
45294.292969,198112.52160016447,01/03/2024,12.630532760600012,0.07930524752960455,0.0
45294.332031,201487.47839983553,01/03/2024,12.621498077957867,0.0719553109319726,0.0
45294.375,205200.0,01/03/2024,12.622469525923314,0.07900144150278265,0.0
45294.417969,208912.52160016447,01/03/2024,12.626155943569238,0.07884641186884878,0.0
45294.457031,212287.47839983553,01/03/2024,12.625343862127487,0.07154791286963125,0.0
45294.5,216000.0,01/03/2024,12.634247709110717,0.07856384096444025,0.0
45294.542969,219712.52160016447,01/03/2024,12.64562736105934,0.07841964735542373,0.0
45294.582031,223087.47839983553,01/03/2024,12.65226635503786,0.07116899079793004,0.0
45294.625,226800.0,01/03/2024,12.668223186137709,0.07815682758158626,0.0
45294.667969,230512.52160016447,01/03/2024,12.685605903431195,0.07802271266574223,0.0
45294.707031,233887.47839983553,01/03/2024,12.697022252831118,0.07081634474079479,0.0
45294.75,237600.0,01/03/2024,12.716660520194367,0.0777782636768638,0.0
45294.792969,241312.52160016447,01/03/2024,12.737444046506582,0.07765352319548136,0.0
45294.832031,244687.47839983553,01/03/2024,12.752322801513259,0.07048875272458677,0.0
45294.875,248400.0,01/03/2024,12.775398964925927,0.07742616012528991,0.0
45294.917969,252112.52160016447,01/03/2024,12.799599106785365,0.07731013869658465,0.0
45294.957031,255487.47839983553,01/03/2024,12.817902973577965,0.07018386330690518,0.0
45295.0,259200.0,01/04/2024,12.844341644194095,0.07709866776589891,0.0
45295.042969,262912.5216001645,01/04/2024,12.871862403962567,0.07699075589716209,0.0
45295.082031,266287.4783998355,01/04/2024,12.893472692238774,0.06990028490718636,0.0
45295.125,270000.0,01/04/2024,12.923136761205264,0.0767940662597173,0.0
45295.167969,273712.5216001645,01/04/2024,12.953840461327815,0.07669369718489527,0.0
45295.207031,277087.4783998355,01/04/2024,12.978606991189942,0.06963652787729924,0.0
45295.25,280800.0,01/04/2024,13.01133774848028,0.07651075568416843,0.0
45295.292969,284512.5216001645,01/04/2024,13.045055151697603,0.07641740212780412,0.0
45295.332031,287887.4783998355,01/04/2024,13.072806360956548,0.06939120683815325,0.0
45295.375,291600.0,01/04/2024,13.108453611099534,0.07624724774107339,0.0
45295.417969,295312.5216001645,01/04/2024,13.145034031804627,0.07616041940301699,0.0
45295.457031,298687.4783998355,01/04/2024,13.17560706754935,0.06916303310944905,0.0
45295.5,302400.0,01/04/2024,13.213989226797096,0.07600215839367852,0.0
45295.542969,306112.5216001645,01/04/2024,13.253220627163493,0.07592139915072771,0.0
45295.582031,309487.4783998355,01/04/2024,13.286261436958071,0.06895080817241706,0.0
45295.625,313200.0,01/04/2024,13.326615638769809,0.07577420016636349,0.0
45295.667969,316912.5216001645,01/04/2024,13.367354725818082,0.07569908574840678,0.0
45295.707031,320287.4783998355,01/04/2024,13.4016281433992,0.06875341720652184,0.0
45295.75,324000.0,01/04/2024,13.443180321306855,0.07556217563129852,0.0
45295.792969,327712.5216001645,01/04/2024,13.485142633141052,0.07549231154800307,0.0
45295.832031,331087.4783998355,01/04/2024,13.5206624579207,0.06856982339029916,0.0
45295.875,334800.0,01/04/2024,13.5634574302886,0.07536497107332796,0.0
45295.917969,338512.5216001645,01/04/2024,13.606657421602911,0.07529999034637669,0.0
45295.957031,341887.4783998355,01/04/2024,13.643436484174266,0.06839906230196213,0.0
45296.0,345600.0,01/05/2024,13.687468036873419,0.07518155063011811,0.0
45296.042969,349312.5216001645,01/05/2024,13.731899149497409,0.07512111187291293,0.0
45296.082031,352687.4783998355,01/05/2024,13.769919386677323,0.06824023700862103,0.0
45296.125,356400.0,01/05/2024,13.815170337367476,0.07501095085597509,0.0
45296.167969,360112.5216001645,01/05/2024,13.860825074662458,0.07495473660972873,0.0
45296.207031,363487.4783998355,01/05/2024,13.900067588444308,0.0680925131558272,0.0
45296.25,367200.0,01/05/2024,13.946519863935151,0.0748522755131944,0.0
45296.292969,370912.5216001645,01/05/2024,13.993369856406645,0.07479999052352504,0.0
45296.332031,374287.4783998355,01/05/2024,14.033814971677288,0.06795511489295514,0.0
45296.375,378000.0,01/05/2024,14.081449663646858,0.07470469124105072,0.0
45296.417969,381712.5216001645,01/05/2024,14.129465726248768,0.0746560607988549,0.0
45296.457031,385087.4783998355,01/05/2024,14.171083046480057,0.06782732038452188,0.0
45296.5,388800.0,01/05/2024,14.219870470802086,0.07456742269350336,0.0
45296.542969,392512.5216001645,01/05/2024,14.269032662202221,0.07452219140626681,0.0
45296.582031,395887.4783998355,01/05/2024,14.311791121242656,0.06770845838877726,0.0
45296.625,399600.0,01/05/2024,14.361690871686939,0.07443974887622495,0.0
45296.667969,403312.5216001645,01/05/2024,14.41195855102388,0.07439767917116491,0.0
45296.707031,406687.4783998355,01/05/2024,14.455826455137661,0.06759790455531878,0.0
45296.75,410400.0,01/05/2024,14.506817455321801,0.07432099915184587,0.0
45296.792969,414112.5216001645,01/05/2024,14.558159324840872,0.07428187001444542,0.0
45296.832031,417487.4783998355,01/05/2024,14.60310440466467,0.06749507817515621,0.0
45296.875,421200.0,01/05/2024,14.655144955802953,0.07421054971370822,0.0
45296.917969,424912.5216001645,01/05/2024,14.707519110718856,0.07417415563529772,0.0
45296.957031,428287.4783998355,01/05/2024,14.753478550222681,0.06739943909493817,0.0
45297.0,432000.0,01/06/2024,14.80648636998653,0.0741078204620571,0.0
45297.042969,435712.5216001645,01/06/2024,14.859680339998526,0.07407397021659534,0.0
45297.082031,439087.4783998355,01/06/2024,14.906280824542755,0.06731048491687197,0.0
45297.125,442800.0,01/06/2024,14.959763095346972,0.07401227171203217,0.0
45297.167969,446512.5216001645,01/06/2024,15.01338388365837,0.0739807874829097,0.0
45297.207031,449887.4783998355,01/06/2024,15.060431631773021,0.06722774847016844,0.0
45297.25,453600.0,01/06/2024,15.114355033651009,0.07392340156640032,0.0
45297.292969,457312.5216001645,01/06/2024,15.168429151407743,0.07389411803328017,0.0
45297.332031,460687.4783998355,01/06/2024,15.215939946804191,0.06715079503140231,0.0
45297.375,464400.0,01/06/2024,15.270330690708896,0.07384074320303924,0.0
45297.417969,468112.5216001645,01/06/2024,15.324874197419994,0.07381350652772944,0.0
45297.457031,471487.4783998355,01/06/2024,15.372863417711038,0.067079220504219,0.0
45297.5,475200.0,01/06/2024,15.427717279207783,0.0737638624812611,0.0
45297.542969,478912.5216001645,01/06/2024,15.482725809898717,0.07373852956993332,0.0
45297.582031,482287.4783998355,01/06/2024,15.531188458330114,0.06701264883174574,0.0
45297.625,486000.0,01/06/2024,15.586510813699547,0.07369235552408249,0.0
45297.667969,489712.5216001645,01/06/2024,15.641989607564305,0.07366879330174925,0.0
45297.707031,493087.4783998355,01/06/2024,15.690930337700273,0.06695073034909171,0.0
45297.75,496800.0,01/06/2024,15.7467261842934,0.0736258467104367,0.0
45297.792969,500512.5216001645,01/06/2024,15.802680115125526,0.07360393145358834,0.0
45297.832031,503887.4783998355,01/06/2024,15.85210325533538,0.06689313981793354,0.0
45297.875,507600.0,01/06/2024,15.908377242677254,0.07356398669203656,0.0
45297.917969,511312.5216001645,01/06/2024,15.964800845938491,0.07354360326019638,0.0
45297.957031,514687.4783998355,01/06/2024,16.014700421115002,0.06683957472161062,0.0
45298.0,518400.0,01/07/2024,16.071446871607385,0.07350645054764193,0.0
45298.042969,522112.5216001645,01/07/2024,16.128344363370488,0.07348749188345316,0.0
45298.082031,525487.4783998355,01/07/2024,16.178714117096852,0.0667897536729356,0.0
45298.125,529200.0,01/07/2024,16.235927052716796,0.07345293604618064,0.0
45298.167969,532912.5216001645,01/07/2024,16.29329235561336,0.07343530253144515,0.0
45298.207031,536287.4783998355,01/07/2024,16.34413576980836,0.0667434150004862,0.0
45298.25,540000.0,01/07/2024,16.40180893152165,0.0734031620630784,0.0
45298.292969,543712.5216001645,01/07/2024,16.459635693684923,0.07338676108861009,0.0
45298.332031,547087.4783998355,01/07/2024,16.510946008808524,0.0667003152964849,0.0
45298.375,550800.0,01/07/2024,16.569082875422623,0.07335686716563217,0.0
45298.417969,554512.5216001645,01/07/2024,16.627364489163234,0.07334161258024174,0.0
45298.457031,557887.4783998355,01/07/2024,16.679134716104144,0.06666022814498973,0.0
45298.5,561600.0,01/07/2024,16.737718524981574,0.07331380814442667,0.0
45298.542969,565312.5216001645,01/07/2024,16.796458144974373,0.07329961981858446,0.0
45298.582031,568687.4783998355,01/07/2024,16.848680891245664,0.06662274559817938,0.0
45298.625,572400.0,01/07/2024,16.907714650926295,0.07327375888878329,0.0
45298.667969,576112.5216001645,01/07/2024,16.966895213684545,0.07326056229784683,0.0
45298.707031,579487.4783998355,01/07/2024,17.019563478037632,0.06658826399138285,0.0
45298.75,583200.0,01/07/2024,17.07903998625624,0.07323650893984457,0.0
45298.792969,586912.5216001645,01/07/2024,17.138664220720216,0.07322423475920381,0.0
45298.832031,590287.4783998355,01/07/2024,17.191780229209243,0.06655600894442415,0.0
45298.875,594000.0,01/07/2024,17.251692090848707,0.07320186266530371,0.0
45298.917969,597712.5216001645,01/07/2024,17.311752538680864,0.0731904464258939,0.0
45298.957031,601087.4783998355,01/07/2024,17.365298547946985,0.06652600844784295,0.0
45299.0,604800.0,01/08/2024,17.425638186859665,0.07316963808584731,0.0
45299.042969,608512.5216001645,01/08/2024,17.48611720810075,0.07315901980978268,0.0
45299.082031,611887.4783998355,01/08/2024,17.540075312464978,0.06649810490695351,0.0
45299.125,615600.0,01/08/2024,17.60079497891561,0.07313966591579835,0.0
45299.167969,619312.5216001645,01/08/2024,17.661564767929825,0.0731297898361376,0.0
45299.207031,622687.4783998355,01/08/2024,17.71574692006373,0.06647215175536303,0.0
45299.25,626400.0,01/08/2024,17.7766287076318,0.0731117887330317,0.0
45299.292969,630112.5216001645,01/08/2024,17.837571309736482,0.07310260296814342,0.0
45299.332031,633487.4783998355,01/08/2024,17.89192932362355,0.06644801266393685,0.0
45299.375,637200.0,01/08/2024,17.952995183236197,0.07308586009000351,0.0
45299.417969,640912.5216001645,01/08/2024,18.014122500950926,0.07307731639003556,0.0
45299.457031,644287.4783998355,01/08/2024,18.068668062392838,0.06642556083524731,0.0
45299.5,648000.0,01/08/2024,18.12991980574394,0.07306174379739971,0.0
45299.542969,651712.5216001645,01/08/2024,18.191233603540837,0.07305379727892891,0.0
45299.582031,655087.4783998355,01/08/2024,18.24596828166949,0.06640467833479669,0.0
45299.625,658800.0,01/08/2024,18.307407594378297,0.07303931316913292,0.0
45299.667969,662512.5216001645,01/08/2024,18.36890951539634,0.07303192209716158,0.0
45299.707031,665887.4783998355,01/08/2024,18.42383477112086,0.06638525546721574,0.0
45299.75,669600.0,01/08/2024,18.485473220354095,0.07301845038683474,0.0
45299.792969,673312.5216001645,01/08/2024,18.54717479666874,0.0730115759368779,0.0
45299.832031,676687.4783998355,01/08/2024,18.602301987121763,0.0663671902078935,0.0
45299.875,680400.0,01/08/2024,18.664131033776926,0.07299904586584383,0.0
45299.917969,684112.5216001645,01/08/2024,18.72602368630244,0.0729926519225419,0.0
45299.957031,687487.4783998355,01/08/2024,18.78134407328713,0.06635038766459544,0.0
45300.0,691200.0,01/09/2024,18.84337507120852,0.0729809976679352,0.0
45300.042969,694912.5216001645,01/09/2024,18.90547012201364,0.07297505064698129,0.0
45300.082031,698287.4783998355,01/09/2024,18.96099488165541,0.0663347595812418,0.0
45300.125,702000.0,01/09/2024,19.023219092092788,0.07296421099509054,0.0
45300.167969,705712.5216001645,01/09/2024,19.085507770662957,0.07295867965490999,0.0
45300.207031,709087.4783998355,01/09/2024,19.14123799528373,0.06632022385940495,0.0
45300.25,712800.0,01/09/2024,19.20366659332621,0.07294859766866502,0.0
45300.292969,716512.5216001645,01/09/2024,19.266160045334452,0.072943452954771,0.0
45300.332031,719887.4783998355,01/09/2024,19.322086750832362,0.06630670414613782,0.0
45300.375,723600.0,01/09/2024,19.384710826069806,0.07293407567071242,0.0
45300.417969,727312.5216001645,01/09/2024,19.447400117859978,0.07292929056757202,0.0
45300.457031,730687.4783998355,01/09/2024,19.503534246309236,0.0662941294296413,0.0
45300.5,734400.0,01/09/2024,19.5663648145226,0.07292056873017572,0.0
45300.542969,738112.5216001645,01/09/2024,19.62926093383909,0.07291611809230503,0.0
45300.582031,741487.4783998355,01/09/2024,19.685593367375034,0.06628243365167563,0.0
45300.625,745200.0,01/09/2024,19.748621372733567,0.07290800588696733,0.0
45300.667969,748912.5216001645,01/09/2024,19.811715239662284,0.07290386634047508,0.0
45300.707031,752287.4783998355,01/09/2024,19.86824679479688,0.06627155538182805,0.0
45300.75,756000.0,01/09/2024,19.931483642555946,0.07289620057390955,0.0
45300.792969,759712.5216001645,01/09/2024,19.994796615181464,0.0728918292751235,0.0
45300.832031,763087.4783998355,01/09/2024,19.16251787393795,0.06626087894814425,0.0
45300.875,766800.0,01/09/2024,15.235583127943087,0.07288493655740069,0.0
45300.917969,770512.5216001645,01/09/2024,13.328174715909878,0.072881382801679,0.0
45300.957031,773887.4783998355,01/09/2024,12.228686543026821,0.0662516295552038,0.0
45301.0,777600.0,01/10/2024,11.50551169431893,0.07287507931196657,0.0
45301.042969,781312.5216001645,01/10/2024,10.98621356827639,0.07287182136481363,0.0
45301.082031,784687.4783998355,01/10/2024,10.586196710664417,0.06624312097595819,0.0
45301.125,788400.0,01/10/2024,10.277292558105326,0.07286584483362901,0.0
45301.167969,792112.5216001645,01/10/2024,10.02998537155166,0.0728627957060688,0.0
45301.207031,795487.4783998355,01/10/2024,9.8189505344995,0.0662351613331218,0.0
45301.25,799200.0,01/10/2024,9.654827783871923,0.07285724777685232,0.0
45301.292969,802912.5216001645,01/10/2024,9.514782094410712,0.07285430930951975,0.0
45301.332031,806287.4783998355,01/10/2024,9.390089741535817,0.06622763723928315,0.0
45301.375,810000.0,01/10/2024,9.292598902071127,0.07284914713934398,0.0
45301.417969,813712.5216001645,01/10/2024,9.212075377037046,0.07284646509533843,0.0
45301.457031,817087.4783998355,01/10/2024,9.135875974795908,0.06622058909929507,0.0
45301.5,820800.0,01/10/2024,9.076557560278928,0.07284157648716416,0.0
45301.542969,824512.5216001645,01/10/2024,9.02718665058557,0.07283908191169886,0.0
45301.582031,827887.4783998355,01/10/2024,8.980590690392944,0.06621403360758649,0.0
45301.625,831600.0,01/10/2024,8.94940523262752,0.07283453500481585,0.0
45301.667969,835312.5216001645,01/10/2024,8.925527454038466,0.07283221479679014,0.0
45301.707031,838687.4783998355,01/10/2024,8.899715394078832,0.06620793632995614,0.0
45301.75,842400.0,01/10/2024,8.884973384843128,0.07282798570615512,0.0
45301.792969,846112.5216001645,01/10/2024,8.874649216904473,0.0728258276752527,0.0
45301.832031,849487.4783998355,01/10/2024,8.861991485095778,0.0662022652343417,0.0
45301.875,853200.0,01/10/2024,8.860103384021528,0.07282189418377527,0.0
45301.917969,856912.5216001645,01/10/2024,8.862193274545078,0.07281988699706332,0.0
45301.957031,860287.4783998355,01/10/2024,8.861470270466505,0.06619699053410244,0.0
45302.0,864000.0,01/11/2024,8.87099650871533,0.0728162284449958,0.0
45302.042969,867712.5216001645,01/11/2024,8.883800880320955,0.07281436155607324,0.0
45302.082031,871087.4783998355,01/11/2024,8.892102973086374,0.06619208452495684,0.0
45302.125,874800.0,01/11/2024,8.90881393996753,0.07281095872729182,0.0
45302.167969,878512.5216001645,01/11/2024,8.92734317383156,0.07280922233307052,0.0
45302.207031,881887.4783998355,01/11/2024,8.941050703389507,0.066187521430777,0.0
45302.25,885600.0,01/11/2024,8.963166768876917,0.0728060573513929,0.0
45302.292969,889312.5216001645,01/11/2024,8.98703121798625,0.07280444232688055,0.0
45302.332031,892687.4783998355,01/11/2024,9.005984501692623,0.06618327728505946,0.0
45302.375,896400.0,01/11/2024,9.033226007525919,0.0728014985670491,0.0
45302.417969,900112.5216001645,01/11/2024,9.062086009469482,0.07279999643070312,0.0
45302.457031,903487.4783998355,01/11/2024,9.085905344953602,0.06617932979671082,0.0
45302.5,907200.0,01/11/2024,9.117882609154911,0.07279725843015683,0.0
45302.542969,910912.5216001645,01/11/2024,9.15134847697481,0.0727958612915991,0.0
45302.582031,914287.4783998355,01/11/2024,9.179634140887217,0.06617565822714866,0.0
45302.625,918000.0,01/11/2024,9.215917460596913,0.07279331466853378,0.0
45302.667969,921712.5216001645,01/11/2024,9.253299283636757,0.07279181911932753,0.0
45302.707031,925087.4783998355,01/11/2024,9.284741531584217,0.06617224329325211,0.0
45302.75,928800.0,01/11/2024,9.323501182290855,0.0727896465695359,0.0
45302.792969,932512.5216001645,01/11/2024,9.362969624389748,0.07278843792267509,0.0
45302.832031,935887.4783998355,01/11/2024,9.396518695687938,0.0661690670522006,0.0
45302.875,939600.0,01/11/2024,9.437384934121546,0.07278623485793645,0.0
45302.917969,943312.5216001645,01/11/2024,9.47895004635538,0.07278511069470284,0.0
45302.957031,946687.4783998355,01/11/2024,9.5145861603972,0.06616611282235851,0.0
45303.0,950400.0,01/12/2024,9.557529225278806,0.07278306161673598,0.0
45303.042969,954112.5216001645,01/12/2024,9.601141243406587,0.07278201603144296,0.0
45303.082031,957487.4783998355,01/12/2024,9.638804609524051,0.06616336508592724,0.0
45303.125,961200.0,01/12/2024,9.683744722638671,0.07278011017728758,0.0
45303.167969,964912.5216001645,01/12/2024,9.729323862538273,0.07277913767752864,0.0
45303.207031,968287.4783998355,01/12/2024,9.768924674371362,0.0661608094095989,0.0
45303.25,972000.0,01/12/2024,9.81577204039958,0.07277736503560917,0.0
45303.292969,975712.5216001645,01/12/2024,9.86322850152785,0.07277646051324638,0.0
45303.332031,979087.4783998355,01/12/2024,9.904676935077184,0.06615843236824759,0.0
45303.375,982800.0,01/12/2024,9.953331748208178,0.07277481177261791,0.0
45303.417969,986512.5216001645,01/12/2024,10.002565719191892,0.07277397047593226,0.0
45303.457031,989887.4783998355,01/12/2024,10.045751942078368,0.06615622147654321,0.0
45303.5,993600.0,01/12/2024,10.09611438152671,0.07277243697616598,0.0
45303.542969,997312.5216001645,01/12/2024,10.14701603587487,0.07277165448657641,0.0
45303.582031,1000687.4783998355,01/12/2024,10.191800373956347,0.06615433757006528,0.0
45303.625,1004400.0,01/12/2024,10.243530626717309,0.07277025173462803,0.0
45303.667969,1008112.5216001645,01/12/2024,10.295510129348116,0.07276950037629959,0.0
45303.707031,1011487.4783998355,01/12/2024,10.341132382471578,0.06615225249699108,0.0
45303.75,1015200.0,01/12/2024,10.393640556321905,0.0727681737567103,0.0
45303.792969,1018912.5216001645,01/12/2024,10.446408054140896,0.07276749683532202,0.0
45303.832031,1022287.4783998355,01/12/2024,10.492828530052904,0.06615047356275738,0.0
45303.875,1026000.0,01/12/2024,10.54612479534471,0.07276626294114052,0.0
45303.917969,1029712.5216001645,01/12/2024,10.599690429663951,0.0727656333367257,0.0
45303.957031,1033087.4783998355,01/12/2024,10.64689924972705,0.06614881897133174,0.0
45304.0,1036800.0,01/13/2024,10.700993735785502,0.07276448568687499,0.0
45304.042969,1040512.5216001645,01/13/2024,10.755347637829843,0.07276390009201705,0.0
45304.082031,1043887.4783998355,01/13/2024,10.803354919753247,0.06614728003160764,0.0
45304.125,1047600.0,01/13/2024,10.858237754513304,0.0727628326580465,0.0
45304.167969,1051312.5216001645,01/13/2024,10.913370044032426,0.07276228799688766,0.0
45304.207031,1054687.4783998355,01/13/2024,10.962145893419311,0.06614584865982209,0.0
45304.25,1058400.0,01/13/2024,11.017797188608704,0.07276129517186902,0.0
45304.292969,1062112.5216001645,01/13/2024,11.073697979187884,0.07276078858303237,0.0
45304.332031,1065487.4783998355,01/13/2024,11.123232497707903,0.0661445173376265,0.0
45304.375,1069200.0,01/13/2024,11.179632363664105,0.07275986515197985,0.0
45304.417969,1072912.5216001645,01/13/2024,11.236281758156316,0.07275939397445086,0.0
45304.457031,1076287.4783998355,01/13/2024,11.286555038272823,0.06614327907122686,0.0
45304.5,1080000.0,01/13/2024,11.343683572768711,0.07275853508719266,0.0
45304.542969,1083712.5216001645,01/13/2024,11.401051670762257,0.07275809684567491,0.0
45304.582031,1087087.4783998355,01/13/2024,11.45204379919246,0.06614212735706815,0.0
45304.625,1090800.0,01/13/2024,11.509891096402718,0.0727572979904707,0.0
45304.667969,1094512.5216001645,01/13/2024,11.56796798787439,0.07275689038298339,0.0
45304.707031,1097887.4783998355,01/13/2024,11.619659043148935,0.06614105614453791,0.0
45304.75,1101600.0,01/13/2024,11.678195191509516,0.07275614736349212,0.0
45304.792969,1105312.5216001645,01/13/2024,11.736960961014574,0.07275576824891772,0.0
45304.832031,1108687.4783998355,01/13/2024,11.789331021157068,0.0661400598072035,0.0
45304.875,1112400.0,01/13/2024,11.84853609934131,0.07275507716253315,0.0
45304.917969,1116112.5216001645,01/13/2024,11.907960824443037,0.07275472454906051,0.0
45304.957031,1119487.4783998355,01/13/2024,11.960979956704648,0.06613913311092645,0.0
45305.0,1123200.0,01/14/2024,12.02081403817391,0.07275408176635878,0.0
45305.042969,1126912.5216001645,01/14/2024,12.08080779157445,0.07275375380114824,0.0
45305.082031,1130287.4783998355,01/14/2024,12.134276063999245,0.06613827118856008,0.0
45305.125,1134000.0,01/14/2024,12.194459219558315,0.07275315594525011,0.0
45305.167969,1137712.5216001645,01/14/2024,12.254732070330238,0.07275285090642925,0.0
45305.207031,1141087.4783998355,01/14/2024,12.30848953966315,0.06613746951288135,0.0
45305.25,1144800.0,01/14/2024,12.368961834030518,0.07275229483717283,0.0
45305.292969,1148512.5216001645,01/14/2024,12.429533844143641,0.072752011121608,0.0
45305.332031,1151887.4783998355,01/14/2024,12.483590568695728,0.06613672387178582,0.0
45305.375,1155600.0,01/14/2024,12.544362062319518,0.07275149391835001,0.0
45305.417969,1159312.5216001645,01/14/2024,12.605233293658962,0.07275123003566009,0.0
45305.457031,1162687.4783998355,01/14/2024,12.6595893241488,0.06613603034942273,0.0
45305.5,1166400.0,01/14/2024,12.720660074506718,0.07275074898162259,0.0
45305.542969,1170112.5216001645,01/14/2024,12.78183057830999,0.07275050354576962,0.0
45305.582031,1173487.4783998355,01/14/2024,12.836485963069116,0.06613538530246288,0.0
45305.625,1177200.0,01/14/2024,12.89785602049912,0.07275005611395713,0.0
45305.667969,1180912.5216001645,01/14/2024,12.959325849124536,0.0727498278356471,0.0
45305.707031,1184287.4783998355,01/14/2024,13.014280634904313,0.06613478534264416,0.0
45305.75,1188000.0,01/14/2024,13.07595004712152,0.07274941167630189,0.0
45305.792969,1191712.5216001645,01/14/2024,13.137719247799069,0.072749199355858,0.0
45305.832031,1195087.4783998355,01/14/2024,13.192983474811854,0.06613422731861718,0.0
45305.875,1198800.0,01/14/2024,13.25496228578772,0.07274881228315877,0.0
45305.917969,1202512.5216001645,01/14/2024,13.317040901726866,0.07274861480536288,0.0
45305.957031,1205887.4783998355,01/14/2024,13.372604611190706,0.06613370829879983,0.0
45306.0,1209600.0,01/15/2024,13.434872865389721,0.07274825478606672,0.0
45306.042969,1213312.5216001645,01/15/2024,13.497240937753809,0.07274807111338077,0.0
45306.082031,1216687.4783998355,01/15/2024,13.553094164381406,0.06613322555735124,0.0
45306.125,1220400.0,01/15/2024,13.615661899408526,0.07274773625649189,0.0
45306.167969,1224112.5216001645,01/15/2024,13.678329465157884,0.07274756542402017,0.0
45306.207031,1227487.4783998355,01/15/2024,13.734482241767921,0.06613277655839056,0.0
45306.25,1231200.0,01/15/2024,13.797339496281523,0.07274725397080317,0.0
45306.292969,1234912.5216001645,01/15/2024,13.860296590975498,0.07274709508132204,0.0
45306.332031,1238287.4783998355,01/15/2024,13.916738949613414,0.06613235894326053,0.0
45306.375,1242000.0,01/15/2024,13.979895756040118,0.07274680539592637,0.0
45306.417969,1245712.5216001645,01/15/2024,14.043142414117256,0.07274665761415022,0.0
45306.457031,1249087.4783998355,01/15/2024,14.09987438577507,0.06613197051831321,0.0
45306.5,1252800.0,01/15/2024,14.163310774512723,0.07274638817519374,0.0
45306.542969,1256512.5216001645,01/15/2024,14.226847026123846,0.07274625072492213,0.0
45306.582031,1259887.4783998355,01/15/2024,14.283858635254528,0.06613160924335659,0.0
45306.625,1263600.0,01/15/2024,14.34758463547912,0.07274600011714938,0.0
45306.667969,1267312.5216001645,01/15/2024,14.41140050703472,0.07274587227626483,0.0
45306.707031,1270687.4783998355,01/15/2024,14.468691779657362,0.0661312732206305,0.0
45306.75,1274400.0,01/15/2024,14.532697420197316,0.07274563918336341,0.0
45306.792969,1278112.5216001645,01/15/2024,14.596792939508866,0.07274552028023962,0.0
45306.832031,1281487.4783998355,01/15/2024,14.654363901082167,0.06613096068497626,0.0
45306.875,1285200.0,01/15/2024,14.718639203480706,0.0727453034779586,0.0
45306.917969,1288912.5216001645,01/15/2024,14.783004397714585,0.07274519288780112,0.0
45306.957031,1292287.4783998355,01/15/2024,14.840845067404711,0.06613066999484829,0.0
45307.0,1296000.0,01/16/2024,14.9053900581813,0.0727449912375171,0.0
45307.042969,1299712.5216001645,01/16/2024,14.970024947961537,0.0727448883793187,0.0
45307.082031,1303087.4783998355,01/16/2024,15.028125346814665,0.06613039962320855,0.0
45307.125,1306800.0,01/16/2024,15.092920049025302,0.07274470082190732,0.0
45307.167969,1310512.5216001645,01/16/2024,15.157754653855122,0.07274460515516523,0.0
45307.207031,1313887.4783998355,01/16/2024,15.216014801830305,0.06613014814991303,0.0
45307.25,1317600.0,01/16/2024,15.280919231492305,0.07274443070562953,0.0
45307.292969,1321312.5216001645,01/16/2024,15.345863573214277,0.07274434172770938,0.0
45307.332031,1324687.4783998355,01/16/2024,15.404223487370817,0.06612991425392423,0.0
45307.375,1328400.0,01/16/2024,15.4692376658253,0.07274417946977962,0.0
45307.417969,1332112.5216001645,01/16/2024,15.534291762639398,0.07274409671319049,0.0
45307.457031,1335487.4783998355,01/16/2024,15.592771459543584,0.06612969670665692,0.0
45307.5,1339200.0,01/16/2024,15.657905404701904,0.07274394579467724,0.0
45307.542969,1342912.5216001645,01/16/2024,15.723069273967496,0.07274386882453143,0.0
45307.582031,1346287.4783998355,01/16/2024,15.781658769098488,0.06612949436544824,0.0
45307.625,1350000.0,01/16/2024,15.846902497997704,0.07274372845289889,0.0
45307.667969,1353712.5216001645,01/16/2024,15.9121861538095,0.07274365686473772,0.0
45307.707031,1357087.4783998355,01/16/2024,15.970895459814084,0.06612930616734758,0.0
45307.75,1360800.0,01/16/2024,16.036258986061497,0.07274352630278358,0.0
45307.792969,1364512.5216001645,01/16/2024,16.10166244521848,0.07274345972037821,0.0
45307.832031,1367887.4783998355,01/16/2024,16.160491576768912,0.06612913112383723,0.0
45307.875,1371600.0,01/16/2024,16.2259749165273,0.07274333828241808,0.0
45307.917969,1375312.5216001645,01/16/2024,16.291498193964774,0.07274327635594346,0.0
45307.957031,1378687.4783998355,01/16/2024,16.350447162900927,0.06612896831542514,0.0
45308.0,1382400.0,01/17/2024,16.4160503255409,0.07274316340420839,0.0
45308.042969,1386112.5216001645,01/17/2024,16.481693431150575,0.07274310580821108,0.0
45308.082031,1389487.4783998355,01/17/2024,16.54076224825889,0.06612881688693051,0.0
45308.125,1393200.0,01/17/2024,16.6064852486877,0.07274300074956841,0.0
45308.167969,1396912.5216001645,01/17/2024,16.6722481946029,0.07274294718133945,0.0
45308.207031,1400287.4783998355,01/17/2024,16.731436870636138,0.06612867604289008,0.0
45308.25,1404000.0,01/17/2024,16.7972797207125,0.07274284946408471,0.0
45308.292969,1407712.5216001645,01/17/2024,16.863162521308126,0.07274279964202535,0.0
45308.332031,1411087.4783998355,01/17/2024,16.922471066772534,0.06612854504352939,0.0
45308.375,1414800.0,01/17/2024,16.988443774959098,0.07274270875305788,0.0
45308.417969,1418512.5216001645,01/17/2024,17.05445643798302,0.07274266241548943,0.0
45308.457031,1421887.4783998355,01/17/2024,17.11389486023857,0.06612842320063805,0.0
45308.5,1425600.0,01/17/2024,17.1799874372059,0.0727425778773707,0.0
45308.542969,1429312.5216001645,01/17/2024,17.246119971051083,0.07274253478066228,0.0
45308.582031,1432687.4783998355,01/17/2024,17.305678282170128,0.06612830987429064,0.0
45308.625,1436400.0,01/17/2024,17.371890738274896,0.07274245614956953,0.0
45308.667969,1440112.5216001645,01/17/2024,17.438143153028545,0.07274241606711485,0.0
45308.707031,1443487.4783998355,01/17/2024,17.497821356978303,0.06612820446916245,0.0
45308.75,1447200.0,01/17/2024,17.5641636997415,0.07274234293025117,0.0
45308.792969,1450912.5216001645,01/17/2024,17.63054600529532,0.07274230565145956,0.0
45308.832031,1454287.4783998355,01/17/2024,17.6903541112484,0.06612810643158085,0.0
45308.875,1458000.0,01/17/2024,17.7568163479445,0.07274223762469134,0.0
45308.917969,1461712.5216001645,01/17/2024,17.823318551485958,0.07274220295353828,0.0
45308.957031,1465087.4783998355,01/17/2024,17.883246565748916,0.06612801524664036,0.0
45309.0,1468800.0,01/18/2024,17.949828705580106,0.07274213967973253,0.0
45309.042969,1472512.5216001645,01/18/2024,18.01645081363851,0.07274210743392473,0.0
45309.082031,1475887.4783998355,01/18/2024,18.07649874489092,0.06612793043521137,0.0
45309.125,1479600.0,01/18/2024,18.143210793943506,0.07274204858083522,0.0
45309.167969,1483312.5216001645,01/18/2024,18.20996281268326,0.07274201859092244,0.0
45309.207031,1486687.4783998355,01/18/2024,18.27014066380522,0.06612785155193279,0.0
45309.25,1490400.0,01/18/2024,18.33697262872591,0.07274196384954834,0.0
45309.292969,1494112.5216001645,01/18/2024,18.403844564396117,0.0727419359578434,0.0
45309.332031,1497487.4783998355,01/18/2024,18.464142343540487,0.06612777818240545,0.0
45309.375,1501200.0,01/18/2024,18.53109422757991,0.07274188504076662,0.0
45309.417969,1504912.5216001645,01/18/2024,18.59808608606478,0.07274185910057085,0.0
45309.457031,1508287.4783998355,01/18/2024,18.658513795584945,0.06612770994119543,0.0
45309.5,1512000.0,01/18/2024,18.725595607037317,0.07274181174051719,0.0
45309.542969,1515712.5216001645,01/18/2024,18.792717393843102,0.07274178761544192,0.0
45309.582031,1519087.4783998355,01/18/2024,18.853265039272372,0.0661276464699121,0.0
45309.625,1522800.0,01/18/2024,18.92046678362991,0.07274174356377827,0.0
45309.667969,1526512.5216001645,01/18/2024,18.987708504725525,0.07274172112694899,0.0
45309.707031,1529887.4783998355,01/18/2024,19.048376093409864,0.06612758743508351,0.0
45309.75,1533600.0,01/18/2024,19.115697773048907,0.07274168015239368,0.0
45309.792969,1537312.5216001645,01/18/2024,19.183059432735096,0.07274165928582832,0.0
45309.832031,1540687.4783998355,01/18/2024,19.243846964161815,0.0661275325266395,0.0
45309.875,1544400.0,01/18/2024,19.311288584540907,0.07274162117334626,0.0
45309.917969,1548112.5216001645,01/18/2024,19.37877018598459,0.07274160176724465,0.0
45309.957031,1551487.4783998355,01/18/2024,19.439677667219435,0.06612748145618497,0.0
45310.0,1555200.0,01/19/2024,19.507239233236703,0.0727415663167541,0.0
45310.042969,1558912.5216001645,01/19/2024,19.574840781201274,0.07274154826906809,0.0
45310.082031,1562287.4783998355,01/19/2024,19.635838214104595,0.06612743395541187,0.0
45310.125,1566000.0,01/19/2024,19.7034697306245,0.0727415152945241,0.0
45310.167969,1569712.5216001645,01/19/2024,19.77111122949541,0.072741498510279,0.0
45310.207031,1573087.4783998355,01/19/2024,19.832158618793617,0.06612738977481669,0.0
45310.25,1576800.0,01/19/2024,19.899830087632097,0.07274146783861113,0.0
45310.292969,1580512.5216001645,01/19/2024,19.96752153955321,0.07274145222948647,0.0
45310.332031,1583887.4783998355,01/19/2024,20.02860888916579,0.06612734868233971,0.0
45310.375,1587600.0,01/19/2024,20.09633031210509,0.07274142369975323,0.0
45310.417969,1591312.5216001645,01/19/2024,20.164061721839815,0.07274140918362804,0.0
45310.457031,1594687.4783998355,01/19/2024,20.225199033380598,0.06612731046212161,0.0
45310.5,1598400.0,01/19/2024,20.292960415251493,0.0727413826460861,0.0
45310.542969,1602112.5216001645,01/19/2024,20.36074178392061,0.07274136914656282,0.0
45310.582031,1605487.4783998355,01/19/2024,20.421919058936055,0.06612727491339854,0.0
45310.625,1609200.0,01/19/2024,20.489730403515892,0.07274134446196001,0.0
45310.667969,1612912.5216001645,01/19/2024,20.557561735785065,0.07274133190799148,0.0
45310.707031,1616287.4783998355,01/19/2024,20.61878897770164,0.06612724184945762,0.0
45310.75,1620000.0,01/19/2024,20.686650286705294,0.07274130894681718,0.0
45310.792969,1623712.5216001645,01/19/2024,20.75452158369533,0.07274129727230161,0.0
45310.832031,1627087.4783998355,01/19/2024,20.815798794093176,0.06612721109658537,0.0
45310.875,1630800.0,01/19/2024,20.883710068742495,0.07274127591409041,0.0
45310.917969,1634512.5216001645,01/19/2024,20.95163133455864,0.07274126505755163,0.0
45310.957031,1637887.4783998355,01/19/2024,21.01295851683053,0.06612718249326832,0.0
45311.0,1641600.0,01/20/2024,21.080919760835492,0.07274124519026515,0.0
45311.042969,1645312.5216001645,01/20/2024,21.148900996878766,0.07274123509454,0.0
45311.082031,1648687.4783998355,01/20/2024,21.210278152358327,0.06612715588925511,0.0
45311.125,1652400.0,01/20/2024,21.27828937026949,0.07274121661396293,0.0
45311.167969,1656112.5216001645,01/20/2024,21.346320577562928,0.0727412072258602,0.0
45311.207031,1659487.4783998355,01/20/2024,21.40775770992316,0.06612713114478908,0.0
45311.25,1663200.0,01/20/2024,21.4758188995663,0.07274119003508162,0.0
45311.292969,1666912.5216001645,01/20/2024,21.543900081850254,0.0727411813051404,0.0
45311.332031,1670287.4783998355,01/20/2024,21.6053871889983,0.06612710812990485,0.0
45311.375,1674000.0,01/20/2024,21.67350835432989,0.07274116531397823,0.0
45311.417969,1677712.5216001645,01/20/2024,21.74163951234722,0.07274115719621221,0.0
45311.457031,1681087.4783998355,01/20/2024,21.803176597956053,0.0661270867237036,0.0
45311.5,1684800.0,01/20/2024,21.871347739884087,0.07274114232083662,0.0
45311.542969,1688512.5216001645,01/20/2024,21.939538874938037,0.0727411347724356,0.0
45311.582031,1691887.4783998355,01/20/2024,22.00113594240046,0.06612706681374192,0.0
45311.625,1695600.0,01/20/2024,22.069367064634882,0.0727411209348432,0.0
45311.667969,1699312.5216001645,01/20/2024,22.137608177383605,0.07274111391602389,0.0
45311.707031,1702687.4783998355,01/20/2024,22.19925522488697,0.06612704829543503,0.0
45311.75,1706400.0,01/20/2024,22.267536325219872,0.07274110104368958,0.0
45311.792969,1710112.5216001645,01/20/2024,22.335837419208225,0.07274109451742561,0.0
45311.832031,1713487.4783998355,01/20/2024,22.397544449898795,0.06612703107150253,0.0
45311.875,1717200.0,01/20/2024,22.465885532006475,0.07274108254286205,0.0
45311.917969,1720912.5216001645,01/20/2024,22.534246608075065,0.0727410764747276,0.0
45311.957031,1724287.4783998355,01/20/2024,22.596013622479553,0.06612701505149943,0.0
45312.0,1728000.0,01/21/2024,22.664404686956075,0.07274106533520808,0.0
45312.042969,1731712.5216001645,01/21/2024,22.73281574538509,0.07274105969318612,0.0
45312.082031,1735087.4783998355,01/21/2024,22.79463274431042,0.06612700015124062,0.0
45312.125,1738800.0,01/21/2024,22.86308379483208,0.07274104933033243,0.0
45312.167969,1742512.5216001645,01/21/2024,22.931554839446584,0.07274104408462989,0.0
45312.207031,1745887.4783998355,01/21/2024,22.99343182600532,0.06612698629246694,0.0
45312.25,1749600.0,01/21/2024,23.061942860397885,0.07274103444413527,0.0
45312.292969,1753312.5216001645,01/21/2024,23.130473888773814,0.0727410295670694,0.0
45312.332031,1756687.4783998355,01/21/2024,23.192410860626616,0.06612697340239748,0.0
45312.375,1760400.0,01/21/2024,23.260981881692082,0.07274102059846399,0.0
45312.417969,1764112.5216001645,01/21/2024,23.32957289737429,0.07274101606424921,0.0
45312.457031,1767487.4783998355,01/21/2024,23.39156985819413,0.06612696141331753,0.0
45312.5,1771200.0,01/21/2024,23.460200867120676,0.07274100772056613,0.0
45312.542969,1774912.5216001645,01/21/2024,23.528851870669584,0.07274100350524293,0.0
45312.582031,1778287.4783998355,01/21/2024,23.590908820456463,0.06612695026223037,0.0
45312.625,1782000.0,01/21/2024,23.65959981724408,0.07274099574280513,0.0
45312.667969,1785712.5216001645,01/21/2024,23.728310809220076,0.07274099182408378,0.0
45312.707031,1789087.4783998355,01/21/2024,23.790427747973993,0.06612693989058727,0.0
45312.75,1792800.0,01/21/2024,23.85917873318307,0.0727409846022482,0.0
45312.792969,1796512.5216001645,01/21/2024,23.927949713768605,0.07274098095940218,0.0
45312.832031,1799887.4783998355,01/21/2024,23.990126645162547,0.06612693024387539,0.0
45312.875,1803600.0,01/21/2024,24.058937619420874,0.07274097424040349,0.0
45312.917969,1807312.5216001645,01/21/2024,24.127768588993895,0.07274097085414155,0.0
45312.957031,1810687.4783998355,01/21/2024,24.190005510408312,0.06612692127146858,0.0
45313.0,1814400.0,01/22/2024,24.25887647371588,0.07274096460281498,0.0
45313.042969,1818112.5216001645,01/22/2024,24.327767435358588,0.07274096145519593,0.0
45313.082031,1821487.4783998355,01/22/2024,24.39006434732019,0.06612691292620809,0.0
45313.125,1825200.0,01/22/2024,24.45899530307308,0.07274095563886362,0.0
45313.167969,1828912.5216001645,01/22/2024,24.527946254726324,0.07274095271323233,0.0
45313.207031,1832287.4783998355,01/22/2024,24.590303159854656,0.06612690516424635,0.0
45313.25,1836000.0,01/22/2024,24.659294105811277,0.07274094730148306,0.0
45313.292969,1839712.5216001645,01/22/2024,24.728305050277072,0.07274094458229285,0.0
45313.332031,1843087.4783998355,01/22/2024,24.79072194909886,0.06612689794471294,0.0
45313.375,1846800.0,01/22/2024,24.859772888094888,0.07274093954686123,0.0
45313.417969,1850512.5216001645,01/22/2024,24.928843825470963,0.0727409370197023,0.0
45313.457031,1853887.4783998355,01/22/2024,24.991320715613163,0.06612689123004856,0.0
45313.5,1857600.0,01/22/2024,25.06043164796248,0.07274093233426981,0.0
45313.542969,1861312.5216001645,01/22/2024,25.129562578991703,0.07274092998571291,0.0
45313.582031,1864687.4783998355,01/22/2024,25.19209946335407,0.06612688498459818,0.0
45313.625,1868400.0,01/22/2024,25.26127038933688,0.07274092562581558,0.0
45313.667969,1872112.5216001645,01/22/2024,25.33046131121725,0.07274092344338356,0.0
45313.707031,1875487.4783998355,01/22/2024,25.393058189799774,0.06612687917569104,0.0
45313.75,1879200.0,01/22/2024,25.46228910969628,0.07274091938626981,0.0
45313.792969,1882912.5216001645,01/22/2024,25.531540025509983,0.07274091735834531,0.0
45313.832031,1886287.4783998355,01/22/2024,25.594196898839392,0.06612687377280935,0.0
45313.875,1890000.0,01/22/2024,25.663477812683283,0.07274091358284807,0.0
45313.917969,1893712.5216001645,01/22/2024,25.73275872551254,0.07274091169863794,0.0
45313.957031,1897087.4783998355,01/22/2024,25.79543559358882,0.06612686874757401,0.0
45314.0,1900800.0,01/23/2024,25.864736501940484,0.07274090818506806,0.0
45314.042969,1904512.5216001645,01/23/2024,25.934037409263475,0.07274090643451814,0.0
45314.082031,1907887.4783998355,01/23/2024,25.996734272366837,0.06612686407360258,0.0
45314.125,1911600.0,01/23/2024,26.06604517522628,0.07274090316458626,0.0
45314.167969,1915312.5216001645,01/23/2024,26.13536607722547,0.07274090153835999,0.0
45314.207031,1918687.4783998355,01/23/2024,26.19808293794177,0.06612685972627474,0.0
45314.25,1922400.0,01/23/2024,26.26742383562287,0.07274089849502019,0.0
45314.292969,1926112.5216001645,01/23/2024,26.336764732396013,0.07274089698442054,0.0
45314.332031,1929487.4783998355,01/23/2024,26.399501588385917,0.06612685568290999,0.0
45314.375,1933200.0,01/23/2024,26.468862483690685,0.07274089415184903,0.0
45314.417969,1936912.5216001645,01/23/2024,26.538223375237763,0.07274089274880424,0.0
45314.457031,1940287.4783998355,01/23/2024,26.60098022678146,0.06612685192211387,0.0
45314.5,1944000.0,01/23/2024,26.670361116907884,0.07274089011225016,0.0
45314.542969,1947712.5216001645,01/23/2024,26.739752006311114,0.07274088880923557,0.0
45314.582031,1951087.4783998355,01/23/2024,26.802528853374916,0.06612684842419725,0.0
45314.625,1954800.0,01/23/2024,26.87192973891709,0.07274088635501386,0.0
45314.667969,1958512.5216001645,01/23/2024,26.94134062383712,0.07274088514503774,0.0
45314.707031,1961887.4783998355,01/23/2024,27.00414746932077,0.06612684517076417,0.0
45314.75,1965600.0,01/23/2024,27.07357871878652,0.07274086926130252,0.0
45314.792969,1969312.5216001645,01/23/2024,27.143020230967416,0.0727400425677871,0.0
45314.832031,1972687.4783998355,01/23/2024,27.088067200352825,0.06612626951871903,0.0
45314.875,1976400.0,01/23/2024,22.64069917636067,0.07274157360476607,0.0
45314.917969,1980112.5216001645,01/23/2024,20.30423031233603,0.07274082615374766,0.0
45314.957031,1983487.4783998355,01/23/2024,18.84378743089316,0.06612684831920035,0.0
45315.0,1987200.0,01/24/2024,17.840648466198544,0.07274091124739357,0.0
45315.042969,1990912.5216001645,01/24/2024,17.09027934800602,0.07274081527140197,0.0
45315.082031,1994287.4783998355,01/24/2024,16.500746542621947,0.06612712276817234,0.0
45315.125,1998000.0,01/24/2024,16.030637283787335,0.0727406571853848,0.0
45315.167969,2001712.5216001645,01/24/2024,15.640148159370206,0.0727408725925045,0.0
45315.207031,2005087.4783998355,01/24/2024,15.308204994575725,0.0661268342854342,0.0
45315.25,2008800.0,01/24/2024,15.035325686119748,0.07274067392873462,0.0
45315.292969,2012512.5216001645,01/24/2024,14.79604658468486,0.07274086866525664,0.0
45315.332031,2015887.4783998355,01/24/2024,14.582023441257611,0.06612683098072125,0.0
45315.375,2019600.0,01/24/2024,14.404404337549948,0.07274086756175535,0.0
45315.417969,2023312.5216001645,01/24/2024,14.250205224724603,0.07274086741552566,0.0
45315.457031,2026687.4783998355,01/24/2024,14.104672070317726,0.06612682939969972,0.0
45315.5,2030400.0,01/24/2024,13.980962953394744,0.07274086589185913,0.0
45315.542969,2034112.5216001645,01/24/2024,13.871893830762396,0.07274086576799021,0.0
45315.582031,2037487.4783998355,01/24/2024,13.77007066972105,0.06612682796600922,0.0
45315.625,2041200.0,01/24/2024,13.687831542340334,0.07274086438017946,0.0
45315.667969,2044912.5216001645,01/24/2024,13.615822413823786,0.07274086371439381,0.0
45315.707031,2048287.4783998355,01/24/2024,13.543829243548068,0.06612682614262155,0.0
45315.75,2052000.0,01/24/2024,13.485130109990727,0.07274086242161104,0.0
45315.792969,2055712.5216001645,01/24/2024,13.433030981839089,0.07274086180431993,0.0
45315.832031,2059087.4783998355,01/24/2024,13.38073781550252,0.06612682444667684,0.0
45315.875,2062800.0,01/24/2024,13.341258686327329,0.07274086059993579,0.0
45315.917969,2066512.5216001645,01/24/2024,13.307739557054894,0.07274086002774283,0.0
45315.957031,2069887.4783998355,01/24/2024,13.27331638938469,0.06612682286927196,0.0
45316.0,2073600.0,01/25/2024,13.250937256219324,0.07274085890558979,0.0
45316.042969,2077312.5216001645,01/25/2024,13.23327812284164,0.07274085837536148,0.0
45316.082031,2080687.4783998355,01/25/2024,13.21201495149846,0.0661268214021149,0.0
45316.125,2084400.0,01/25/2024,13.200085817144931,0.07274085732967706,0.0
45316.167969,2088112.5216001645,01/25/2024,13.190906679661978,0.07274085683845755,0.0
45316.207031,2091487.4783998355,01/25/2024,13.177853505172536,0.06612682003751047,0.0
45316.25,2095200.0,01/25/2024,13.174104366862522,0.07274085586389845,0.0
45316.292969,2098912.5216001645,01/25/2024,13.173005228819179,0.07274085540898767,0.0
45316.332031,2102287.4783998355,01/25/2024,13.167882053276308,0.0661268187682893,0.0
45316.375,2106000.0,01/25/2024,13.171902911536527,0.0727408545005801,0.0
45316.417969,2109712.5216001645,01/25/2024,13.178393769387917,0.07274085407942721,0.0
45316.457031,2113087.4783998355,01/25/2024,13.180660590698793,0.06612681758777939,0.0
45316.5,2116800.0,01/25/2024,13.19187144780453,0.07274085323255264,0.0
45316.542969,2120512.5216001645,01/25/2024,13.205352305095523,0.07274085284279153,0.0
45316.582031,2123887.4783998355,01/25/2024,13.214399125633172,0.0661268164897848,0.0
45316.625,2127600.0,01/25/2024,13.232129982111132,0.07274085205314407,0.0
45316.667969,2131312.5216001645,01/25/2024,13.251380835857269,0.07274085169260047,0.0
45316.707031,2134687.4783998355,01/25/2024,13.265067652968447,0.06612681546852173,0.0
45316.75,2138400.0,01/25/2024,13.286448506050313,0.07274085095618688,0.0
45316.792969,2142112.5216001645,01/25/2024,13.30890935923604,0.07274085062279312,0.0
45316.832031,2145487.4783998355,01/25/2024,13.325846175820509,0.06612681451863978,0.0
45316.875,2149200.0,01/25/2024,13.350467028308302,0.07274084993589724,0.0
45316.917969,2152912.5216001645,01/25/2024,13.37615788093364,0.07274084962776328,0.0
45316.957031,2156287.4783998355,01/25/2024,13.396294696991383,0.06612681363516515,0.0
45317.0,2160000.0,01/26/2024,13.424095548885091,0.07274084898691058,0.0
45317.042969,2163712.5216001645,01/26/2024,13.452936400767562,0.07274084870228137,0.0
45317.082031,2167087.4783998355,01/26/2024,13.476183213679072,0.06612681281342958,0.0
45317.125,2170800.0,01/26/2024,13.507044062176703,0.07274084810426018,0.0
45317.167969,2174512.5216001645,01/26/2024,13.53889491069679,0.07274084784149437,0.0
45317.207031,2177887.4783998355,01/26/2024,13.565111723608297,0.06612681204913429,0.0
45317.25,2181600.0,01/26/2024,13.598902571545523,0.07274084728330621,0.0
45317.292969,2185312.5216001645,01/26/2024,13.633633419505202,0.07274084704086192,0.0
45317.332031,2188687.4783998355,01/26/2024,13.66267023188999,0.0661268113382576,0.0
45317.375,2192400.0,01/26/2024,13.699231079793527,0.07274084651972146,0.0
45317.417969,2196112.5216001645,01/26/2024,13.736681927192798,0.07274084629619182,0.0
45317.457031,2199487.4783998355,01/26/2024,13.768388739050863,0.06612681067707626,0.0
45317.5,2203200.0,01/26/2024,13.80755958636032,0.07274084580951978,0.0
45317.542969,2206912.5216001645,01/26/2024,13.847550433759594,0.07274084560356897,0.0
45317.582031,2210287.4783998355,01/26/2024,13.88167724561766,0.06612681006210153,0.0
45317.625,2214000.0,01/26/2024,13.922878092366723,0.07274084514894952,0.0
45317.667969,2217712.5216001645,01/26/2024,13.964478939205605,0.0727408449593554,0.0
45317.707031,2221087.4783998355,01/26/2024,13.999875750536965,0.06612680949010041,0.0
45317.75,2224800.0,01/26/2024,14.042296597252339,0.07274084453456453,0.0
45317.792969,2228512.5216001645,01/26/2024,14.085127443908767,0.07274084436017603,0.0
45317.832031,2231887.4783998355,01/26/2024,14.121764252093861,0.06612680895810286,0.0
45317.875,2235600.0,01/26/2024,14.165425095413148,0.07274084396310343,0.0
45317.917969,2239312.5216001645,01/26/2024,14.209495938707178,0.07274084380287604,0.0
45317.957031,2242687.4783998355,01/26/2024,14.247372746892275,0.06612680846326668,0.0
45318.0,2246400.0,01/27/2024,14.292273590211565,0.07274084343158904,0.0
45318.042969,2250112.5216001645,01/27/2024,14.33758443350559,0.0727408432845209,0.0
45318.082031,2253487.4783998355,01/27/2024,14.376681241163958,0.06612680800302684,0.0
45318.125,2257200.0,01/27/2024,14.422792083889163,0.07274084293723604,0.0
45318.167969,2260912.5216001645,01/27/2024,14.469302926622788,0.07274084280240345,0.0
45318.207031,2264287.4783998355,01/27/2024,14.50959973428116,0.06612680757495326,0.0
45318.25,2268000.0,01/27/2024,14.556910577006363,0.07274084247742252,0.0
45318.292969,2271712.5216001645,01/27/2024,14.604611419739989,0.07274084235397993,0.0
45318.332031,2275087.4783998355,01/27/2024,14.646078227398363,0.06612680717680774,0.0
45318.375,2278800.0,01/27/2024,14.694549069563173,0.07274084204975395,0.0
45318.417969,2282512.5216001645,01/27/2024,14.743399911736404,0.07274084193690555,0.0
45318.457031,2285887.4783998355,01/27/2024,14.786006718868073,0.06612680680647998,0.0
45318.5,2289600.0,01/27/2024,14.8356075609992,0.07274084165197081,0.0
45318.542969,2293312.5216001645,01/27/2024,14.885578403172431,0.07274084154897054,0.0
45318.582031,2296687.4783998355,01/27/2024,14.929295210304097,0.06612680646203728,0.0
45318.625,2300400.0,01/27/2024,14.979986052435223,0.07274084128199831,0.0
45318.667969,2304112.5216001645,01/27/2024,15.031036894608455,0.07274084118816404,0.0
45318.707031,2307487.4783998355,01/27/2024,15.075833701740123,0.06612680614166777,0.0
45318.75,2311200.0,01/27/2024,15.127594543310842,0.07274084093788957,0.0
45318.792969,2314912.5216001645,01/27/2024,15.179695384923669,0.0727408408525605,0.0
45318.832031,2318287.4783998355,01/27/2024,15.225532191528607,0.06612680584369457,0.0
45318.875,2322000.0,01/27/2024,15.27831303306565,0.07274084061781849,0.0
45318.917969,2325712.5216001645,01/27/2024,15.331423874678478,0.07274084054042618,0.0
45318.957031,2329087.4783998355,01/27/2024,15.378240681283422,0.06612680556654738,0.0
45319.0,2332800.0,01/28/2024,15.431981522820465,0.0727408403201224,0.0
45319.042969,2336512.5216001645,01/28/2024,15.485942364433292,0.07274084025010552,0.0
45319.082031,2339887.4783998355,01/28/2024,15.533439171038232,0.06612680530877668,0.0
45319.125,2343600.0,01/28/2024,15.587700012575276,0.07274084004324521,0.0
45319.167969,2347312.5216001645,01/28/2024,15.642110854188104,0.07274083998007086,0.0
45319.207031,2350687.4783998355,01/28/2024,15.69006766026633,0.06612680506901825,0.0
45319.25,2354400.0,01/28/2024,15.744798501209281,0.0727408397857161,0.0
45319.292969,2358112.5216001645,01/28/2024,15.799679342261705,0.07274083972892242,0.0
45319.332031,2361487.4783998355,01/28/2024,15.84810614833993,0.06612680484601441,0.0
45319.375,2365200.0,01/28/2024,15.903306989282882,0.07274083954617794,0.0
45319.417969,2368912.5216001645,01/28/2024,15.95866783015284,0.07274083949531729,0.0
45319.457031,2372287.4783998355,01/28/2024,16.00757463361152,0.06612680463861409,0.0
45319.5,2376000.0,01/28/2024,16.063245471752467,0.07274083932338726,0.0
45319.542969,2379712.5216001645,01/28/2024,16.11907630982042,0.07274083927804753,0.0
45319.582031,2383087.4783998355,01/28/2024,16.1684531132791,0.06612680444568753,0.0
45319.625,2386800.0,01/28/2024,16.224603951420043,0.07274083911617168,0.0
45319.667969,2390512.5216001645,01/28/2024,16.280914789488,0.07274083907596207,0.0
45319.707031,2393887.4783998355,01/28/2024,16.33076159294668,0.06612680426625417,0.0
45319.75,2397600.0,01/28/2024,16.387382431087623,0.07274083892343697,0.0
45319.792969,2401312.5216001645,01/28/2024,16.44416326915558,0.0727408388879951,0.0
45319.832031,2404687.4783998355,01/28/2024,16.494480072087555,0.06612680409936189,0.0
45319.875,2408400.0,01/28/2024,16.55157090963442,0.07274083874416704,0.0
45319.917969,2412112.5216001645,01/28/2024,16.608811747141985,0.07274083871316606,0.0
45319.957031,2415487.4783998355,01/28/2024,16.65959855007396,0.06612680394413673,0.0
45320.0,2419200.0,01/29/2024,16.71714938762083,0.07274083857743818,0.0
45320.042969,2422912.5216001645,01/29/2024,16.774860225128393,0.07274083855056546,0.0
45320.082031,2426287.4783998355,01/29/2024,16.82610702806037,0.06612680379976865,0.0
45320.125,2430000.0,01/29/2024,16.884117865607237,0.07274083842235513,0.0
45320.167969,2433712.5216001645,01/29/2024,16.942278703114802,0.07274083839933354,0.0
45320.207031,2437087.4783998355,01/29/2024,16.99397550604678,0.06612680366547607,0.0
45320.25,2440800.0,01/29/2024,17.052436343593648,0.07274083827811495,0.0
45320.292969,2444512.5216001645,01/29/2024,17.111047181101213,0.07274083825866029,0.0
45320.332031,2447887.4783998355,01/29/2024,17.163193984033192,0.06612680354058398,0.0
45320.375,2451600.0,01/29/2024,17.22210482158006,0.07274083814395027,0.0
45320.417969,2455312.5216001645,01/29/2024,17.281165659087627,0.07274083812781384,0.0
45320.457031,2458687.4783998355,01/29/2024,17.3337624620196,0.06612680342441024,0.0
45320.5,2462400.0,01/29/2024,17.393113299566465,0.07274083801917897,0.0
45320.542969,2466112.5216001645,01/29/2024,17.45261413707403,0.07274083800611919,0.0
45320.582031,2469487.4783998355,01/29/2024,17.505640940006003,0.06612680331636511,0.0
45320.625,2473200.0,01/29/2024,17.56542177755287,0.07274083790311181,0.0
45320.667969,2476912.5216001645,01/29/2024,17.625352615060436,0.07274083789293684,0.0
45320.707031,2480287.4783998355,01/29/2024,17.67880941799241,0.06612680321586595,0.0
45320.75,2484000.0,01/29/2024,17.73902025553928,0.07274083779516616,0.0
45320.792969,2487712.5216001645,01/29/2024,17.799371093046844,0.07274083778766993,0.0
45320.832031,2491087.4783998355,01/29/2024,17.853247895452093,0.06612680312239405,0.0
45320.875,2494800.0,01/29/2024,17.913878732404875,0.07274083769476647,0.0
45320.917969,2498512.5216001645,01/29/2024,17.97464956935204,0.07274083768974293,0.0
45320.957031,2501887.4783998355,01/29/2024,18.02893637175729,0.06612680303545204,0.0
45321.0,2505600.0,01/30/2024,18.089977208710074,0.07274083760137984,0.0
45321.042969,2509312.5216001645,01/30/2024,18.151148045657237,0.07274083759867267,0.0
45321.082031,2512687.4783998355,01/30/2024,18.205834848062487,0.06612680295457807,0.0
45321.125,2516400.0,01/30/2024,18.26724568501527,0.07274083751451599,0.0
45321.167969,2520112.5216001645,01/30/2024,18.328716521962427,0.07274083751396887,0.0
45321.207031,2523487.4783998355,01/30/2024,18.38363332436768,0.06612680287937422,0.0
45321.25,2527200.0,01/30/2024,18.44522416132046,0.07274083743373438,0.0
45321.292969,2530912.5216001645,01/30/2024,18.50687499826762,0.07274083743517679,0.0
45321.332031,2534287.4783998355,01/30/2024,18.561971800672872,0.06612680280942129,0.0
45321.375,2538000.0,01/30/2024,18.623742637625654,0.07274083735859449,0.0
45321.417969,2541712.5216001645,01/30/2024,18.685573474572813,0.07274083736190562,0.0
45321.457031,2545087.4783998355,01/30/2024,18.740850276978065,0.0661268027443569,0.0
45321.5,2548800.0,01/30/2024,18.802801113930848,0.0727408372887055,0.0
45321.542969,2552512.5216001645,01/30/2024,18.864811950878007,0.07274083729374325,0.0
45321.582031,2555887.4783998355,01/30/2024,18.92026875328326,0.06612680268383286,0.0
45321.625,2559600.0,01/30/2024,18.982399590236042,0.07274083722369795,0.0
45321.667969,2563312.5216001645,01/30/2024,19.044600427183205,0.07274083723035574,0.0
45321.707031,2566687.4783998355,01/30/2024,19.100247229588454,0.06612680262754367,0.0
45321.75,2570400.0,01/30/2024,19.162568066541233,0.07274083716323787,0.0
45321.792969,2574112.5216001645,01/30/2024,19.224948903488396,0.0727408371713878,0.0
45321.832031,2577487.4783998355,01/30/2024,19.28078570589365,0.06612680257519798,0.0
45321.875,2581200.0,01/30/2024,19.34329654284643,0.07274083710700552,0.0
45321.917969,2584912.5216001645,01/30/2024,19.40586737979359,0.07274083711654811,0.0
45321.957031,2588287.4783998355,01/30/2024,19.46189418219884,0.06612680252650449,0.0
45322.0,2592000.0,01/31/2024,19.524595019151626,0.07274083705469536,0.0
45322.042969,2595712.5216001645,01/31/2024,19.58735585609879,0.07274083706553114,0.0
45322.082031,2599087.4783998355,01/31/2024,19.64357265850404,0.06612680248120739,0.0
45322.125,2602800.0,01/31/2024,19.706463495456823,0.07274083700605871,0.0
45322.167969,2606512.5216001645,01/31/2024,19.769414332403983,0.0727408370180953,0.0
45322.207031,2609887.4783998355,01/31/2024,19.82582113480923,0.06612680243908642,0.0
45322.25,2613600.0,01/31/2024,19.888901971762017,0.07274083696080424,0.0
45322.292969,2617312.5216001645,01/31/2024,19.95204280870918,0.07274083697395639,0.0
45322.332031,2620687.4783998355,01/31/2024,20.008639611114432,0.06612680239990709,0.0
45322.375,2624400.0,01/31/2024,20.071910448067214,0.0727408369187188,0.0
45322.417969,2628112.5216001645,01/31/2024,20.135241285014374,0.07274083693291544,0.0
45322.457031,2631487.4783998355,01/31/2024,20.192028087419622,0.06612680236346336,0.0
45322.5,2635200.0,01/31/2024,20.255488924372408,0.072740836879575,0.0
45322.542969,2638912.5216001645,01/31/2024,20.31900976131957,0.07274083689474509,0.0
45322.582031,2642287.4783998355,01/31/2024,20.375986563724823,0.06612680232957047,0.0
45322.625,2646000.0,01/31/2024,20.439637400677604,0.07274083684315968,0.0
45322.667969,2649712.5216001645,01/31/2024,20.503348237624763,0.07274083685923927,0.0
45322.707031,2653087.4783998355,01/31/2024,20.560505040030016,0.06612680229803658,0.0
45322.75,2656800.0,01/31/2024,20.6243458769828,0.07274083680930232,0.0
45322.792969,2660512.5216001645,01/31/2024,20.688246713929964,0.07274083682621324,0.0
45322.832031,2663887.4783998355,01/31/2024,20.745593516335212,0.06612680226871248,0.0
45322.875,2667600.0,01/31/2024,20.809624353287994,0.07274083677780396,0.0
45322.917969,2671312.5216001645,01/31/2024,20.873715190235153,0.07274083679549648,0.0
45322.957031,2674687.4783998355,01/31/2024,20.931251992640405,0.06612680224144896,0.0
45323.0,2678400.0,02/01/2024,20.995462829593187,0.07274083674850118,0.0
45323.042969,2682112.5216001645,02/01/2024,21.05974366654035,0.07274083676693266,0.0
45323.082031,2685487.4783998355,02/01/2024,21.117470468945598,0.06612680221608258,0.0
45323.125,2689200.0,02/01/2024,21.181871305898383,0.07274083672126608,0.0
45323.167969,2692912.5216001645,02/01/2024,21.246332142845546,0.07274083674035836,0.0
45323.207031,2696287.4783998355,02/01/2024,21.304248945250798,0.06612680219248546,0.0
45323.25,2700000.0,02/01/2024,21.36883978220358,0.07274083669592812,0.0
45323.292969,2703712.5216001645,02/01/2024,21.43349061915074,0.07274083671564568,0.0
45323.332031,2707087.4783998355,02/01/2024,21.49158742155599,0.0661268021705439,0.0
45323.375,2710800.0,02/01/2024,21.556358258508773,0.07274083667235232,0.0
45323.417969,2714512.5216001645,02/01/2024,21.621189095455932,0.07274083669265252,0.0
45323.457031,2717887.4783998355,02/01/2024,21.67947589786118,0.06612680215013,0.0
45323.5,2721600.0,02/01/2024,21.744436734813966,0.07274083665042497,0.0
45323.542969,2725312.5216001645,02/01/2024,21.809457571480927,0.0727408366712794,0.0
45323.582031,2728687.4783998355,02/01/2024,21.867924373359457,0.06612680213115141,0.0
45323.625,2732400.0,02/01/2024,21.93306520971815,0.07274083663003239,0.0
45323.667969,2736112.5216001645,02/01/2024,21.99826604610491,0.0727408366513842,0.0
45323.707031,2739487.4783998355,02/01/2024,22.05691284798344,0.06612680211349442,0.0
45323.75,2743200.0,02/01/2024,22.122233684342127,0.072740836611068,0.0
45323.792969,2746912.5216001645,02/01/2024,22.187614520728886,0.07274083663289588,0.0
45323.832031,2750287.4783998355,02/01/2024,22.246441322607417,0.06612680209706667,0.0
45323.875,2754000.0,02/01/2024,22.311942158966104,0.07274083659343233,0.0
45323.917969,2757712.5216001645,02/01/2024,22.377502995352863,0.07274083661567943,0.0
45323.957031,2761087.4783998355,02/01/2024,22.436509797231395,0.06612680208179711,0.0
45324.0,2764800.0,02/02/2024,22.502180163414494,0.07274036640141901,0.0
