TIME_2DSOIL,TIME_PHREEQCRM,DATE,MINERAL_N,DELTA_NITRIFIED_N,DELTA_DENITRIFIED_N
45292.0,0.0,01/01/2024,25.50930149105356,0.0,0.0
45292.042969,3712.521600164473,01/01/2024,25.603652268876196,0.09615069296447895,0.0
45292.082031,7087.478399835527,01/01/2024,25.687624645033697,0.08578237114311851,0.0
45292.125,10800.0,01/01/2024,25.77822604849793,0.09241139900436035,0.0
45292.167969,14512.521600164473,01/01/2024,25.866764483424134,0.09035842895142754,0.0
45292.207031,17887.478399835527,01/01/2024,25.94537971255105,0.0804352210267657,0.0
45292.25,21600.0,01/01/2024,26.030176515759752,0.08662679528793249,0.0
45292.292969,25312.521600164473,01/01/2024,26.11306773621886,0.08472121480688688,0.0
45292.332031,28687.478399835527,01/01/2024,26.18665541154262,0.0754276699832579,0.0
45292.375,32400.0,01/01/2024,26.26606088310879,0.08124546650342579,0.0
45292.417969,36112.52160016447,01/01/2024,26.343691428530867,0.07947054141326504,0.0
45292.457031,39487.47839983553,01/01/2024,26.412614880699174,0.07076344701243786,0.0
45292.5,43200.0,01/01/2024,26.487007978392867,0.07623309447354043,0.0
45292.542969,46912.52160016447,01/01/2024,26.559747830399285,0.0745798456510901,0.0
45292.582031,50287.47839983553,01/01/2024,26.624326787920637,0.06641895385117769,0.0
45292.625,54000.0,01/01/2024,26.69405109365482,0.07156429908778073,0.0
45292.667969,57712.52160016447,01/01/2024,26.762245447163366,0.07002434842389538,0.0
45292.707031,61087.47839983553,01/01/2024,26.82278766977629,0.062372218832080994,0.0
45292.75,64800.0,01/01/2024,26.88345463023552,0.06718196635744,0.0046950778870491405
45292.792969,68512.52160016447,01/01/2024,26.86725998802884,0.06589917339632345,0.08028386653232722
45292.832031,71887.47839983553,01/01/2024,26.844588639651427,0.059318323213502167,0.08018968932448263
45292.875,75600.0,01/01/2024,24.29538719634068,0.06463319401284218,0.1146146518970853
45292.917969,79312.52160016447,01/01/2024,21.083689683067078,0.06395440241757999,0.058231916336201506
45292.957031,82687.47839983553,01/01/2024,19.11112358794805,0.05752860055250886,0.04647469703424534
45293.0,86400.0,01/02/2024,17.765648284920225,0.06260569520400527,0.04823100244510298
45293.042969,90112.52160016447,01/02/2024,16.770793381995578,0.06187875529138909,0.04776366382388453
45293.082031,93487.47839983553,01/02/2024,15.988841707086348,0.05562875767849351,0.043140437348476834
45293.125,97200.0,01/02/2024,15.365040339432532,0.0604927187127704,0.04704409034422097
45293.167969,100912.52160016447,01/02/2024,14.837977863772029,0.059778976295816744,0.046701455476368614
45293.207031,104287.47839983553,01/02/2024,14.396700694024528,0.0537121555617448,0.042149330037561605
45293.25,108000.0,01/02/2024,14.018143034303119,0.05840002049777171,0.046007685420417666
45293.292969,111712.52160016447,01/02/2024,13.682848740670732,0.05768153967307743,0.045575837301247035
45293.332031,115087.47839983553,01/02/2024,13.391704084128637,0.0518271610820662,0.036551821585760536
45293.375,118800.0,01/02/2024,13.174463196871724,0.056340377155456256,0.0015912685596325415
45293.417969,122512.52160016447,01/02/2024,12.980950969729221,0.05564357663396535,0.0005158072446908024
45293.457031,125887.47839983553,01/02/2024,12.799038888236282,0.049996822564886134,0.000468906946618608
45293.5,129600.0,01/02/2024,12.638676944084722,0.05435385964314854,0.0005158073847907341
45293.542969,133312.52160016447,01/02/2024,12.494097226821168,0.05368608666538899,0.0005158073567707033
45293.582031,136687.47839983553,01/02/2024,12.359610851284693,0.04824252696786768,0.000468907036497046
45293.625,140400.0,01/02/2024,12.243617482804925,0.05245243335354299,0.0005158073285361775
45293.667969,144112.52160016447,01/02/2024,12.13714645456902,0.05181477276331803,0.0005158073119387874
45293.707031,147487.47839983553,01/02/2024,12.033014850182777,0.04656729653093716,0.00046890700489410353
45293.75,151200.0,01/02/2024,11.940537675039124,0.050638626162944345,0.0005158073040990585
45293.792969,154912.52160016447,01/02/2024,11.855429219020575,0.050031537805319104,2.220446049250313e-16
45293.832031,158287.47839983553,01/02/2024,11.772471517382911,0.04497229364435196,-1.1102230246251565e-16
45293.875,162000.0,01/02/2024,11.700394491070327,0.048912969170528786,-1.1102230246251565e-16
45293.917969,165712.52160016447,01/02/2024,11.634380596218165,0.0483361007076466,0.0
45293.957031,169087.47839983553,01/02/2024,11.569827243749845,0.043456643599558475,0.0
45294.0,172800.0,01/03/2024,11.515071223588926,0.04727397560239455,0.0
45294.042969,176512.52160016447,01/03/2024,11.464637806347831,0.04672657921404699,1.1102230246251565e-16
45294.082031,179887.47839983553,01/03/2024,11.41261620825972,0.042018398765630405,-3.3306690738754696e-16
45294.125,183600.0,01/03/2024,11.367405488977528,0.04571927788212182,-1.1102230246251565e-16
45294.167969,187312.52160016447,01/03/2024,11.324785858289562,0.04520036636407143,-2.220446049250313e-16
45294.207031,190687.47839983553,01/03/2024,11.280690828927419,0.04065496826202297,0.0
45294.25,194400.0,01/03/2024,11.243206618384924,0.04424578693570558,-1.1102230246251565e-16
45294.292969,198112.52160016447,01/03/2024,11.208180791640451,0.04375417088620548,3.3306690738754696e-16
45294.332031,201487.47839983553,01/03/2024,11.171644046645529,0.03936325264468277,-1.1102230246251565e-16
45294.375,205200.0,01/03/2024,11.141394106258726,0.04285005733791225,2.220446049250313e-16
45294.417969,208912.52160016447,01/03/2024,11.113398685477957,0.04238457714835553,0.0
45294.457031,212287.47839983553,01/03/2024,11.083798890292965,0.03814020271656515,0.0
45294.5,216000.0,01/03/2024,11.060157683757726,0.041528791749879,1.1102230246251565e-16
45294.542969,219712.52160016447,01/03/2024,11.038556010547879,0.041088324719277036,0.0
45294.582031,223087.47839983553,01/03/2024,11.015228869387006,0.036982856987202606,0.0
45294.625,226800.0,01/03/2024,10.997407582700326,0.04027871219252033,-2.220446049250313e-16
45294.667969,230512.52160016447,01/03/2024,10.980649674794861,0.03986209034034882,-4.440892098500626e-16
45294.707031,233887.47839983553,01/03/2024,10.961107734469657,0.03588805834677933,0.0
45294.75,237600.0,01/03/2024,10.945994176006753,0.03909644013610025,0.0
45294.792969,241312.52160016447,01/03/2024,10.931696667500361,0.03870249001963222,0.0
45294.832031,244687.47839983553,01/03/2024,10.914769705434345,0.03485303635944792,2.220446049250313e-16
45294.875,248400.0,01/03/2024,10.902168270656905,0.0379785637878709,2.220446049250313e-16
45294.917969,252112.52160016447,01/03/2024,10.890384373077708,0.037606101525471836,-2.220446049250313e-16
45294.957031,255487.47839983553,01/03/2024,10.87604873969623,0.033874365832652575,0.0
45295.0,259200.0,01/04/2024,10.865920416754918,0.03692167593789142,0.0
45295.042969,262912.5216001645,01/04/2024,10.856579952662297,0.036569535012040966,1.1102230246251565e-16
45295.082031,266287.4783998355,01/04/2024,10.844749037293894,0.032949083599217666,1.1102230246251565e-16
45295.125,270000.0,01/04/2024,10.837001461496403,0.03592242276782098,0.0
45295.167969,273712.5216001645,01/04/2024,10.830000925224294,0.03558946257060214,0.0
45295.207031,277087.4783998355,01/04/2024,10.820555127516457,0.032074201488050846,0.0
45295.25,280800.0,01/04/2024,10.815062689971423,0.03497756161436705,0.0
45295.292969,284512.5216001645,01/04/2024,10.810285383726036,0.034662692579077614,1.1102230246251565e-16
45295.332031,287887.4783998355,01/04/2024,10.80310224016539,0.031246855653488836,0.0
45295.375,291600.0,01/04/2024,10.79974622472971,0.03408398400391999,-1.1102230246251565e-16
45295.417969,295312.5216001645,01/04/2024,10.797062391769202,0.03378616644260468,-1.1102230246251565e-16
45295.457031,298687.4783998355,01/04/2024,10.792006706733549,0.030464314440436624,1.1102230246251565e-16
45295.5,302400.0,01/04/2024,10.790645456167688,0.033238748873745116,-2.220446049250313e-16
45295.542969,306112.5216001645,01/04/2024,10.78989247371009,0.032957017215935025,-3.3306690738754696e-16
45295.582031,309487.4783998355,01/04/2024,10.78665651901817,0.02972404467405365,0.0
45295.625,313200.0,01/04/2024,10.786605679142735,0.03243915968405453,0.0
45295.667969,316912.5216001645,01/04/2024,10.786748321613164,0.03217264197584058,0.0
45295.707031,320287.4783998355,01/04/2024,10.784212073028861,0.02902375131849322,-1.1102230246251565e-16
45295.75,324000.0,01/04/2024,10.784794812526869,0.03168273936127619,-1.1102230246251565e-16
45295.792969,327712.5216001645,01/04/2024,10.785595408300377,0.031430594952459145,1.1102230246251565e-16
45295.832031,331087.4783998355,01/04/2024,10.78379663238055,0.028361223756836473,-1.1102230246251565e-16
45295.875,334800.0,01/04/2024,10.785063712470745,0.030967079273177767,1.1102230246251565e-16
45295.917969,338512.5216001645,01/04/2024,10.786552204197438,0.030728491007948833,1.1102230246251565e-16
45295.957031,341887.4783998355,01/04/2024,10.785506518886134,0.027734314359522116,0.0
45296.0,345600.0,01/05/2024,10.78747635621485,0.030289837143754106,0.0
45296.042969,349312.5216001645,01/05/2024,10.789680362254074,0.030064005460580745,1.1102230246251565e-16
45296.082031,352687.4783998355,01/05/2024,10.789411290820382,0.027140928335741776,-1.1102230246251565e-16
45296.125,356400.0,01/05/2024,10.79209003150466,0.02964874028862674,0.0
45296.167969,360112.5216001645,01/05/2024,10.795004950664964,0.029434918861863224,0.0
45296.207031,363487.4783998355,01/05/2024,10.795494042942003,0.026579091853698777,0.0
45296.25,367200.0,01/05/2024,10.798885698048483,0.029041654651424054,-1.1102230246251565e-16
45296.292969,370912.5216001645,01/05/2024,10.802504823685169,0.028839125282198452,-1.1102230246251565e-16
45296.332031,374287.4783998355,01/05/2024,10.803751752183928,0.026046928004836545,-1.1102230246251565e-16
45296.375,378000.0,01/05/2024,10.807838318433689,0.028466565613110895,0.0
45296.417969,381712.5216001645,01/05/2024,10.812152980460642,0.028274661840586468,0.0
45296.457031,385087.4783998355,01/05/2024,10.814145668105102,0.025542687430736954,1.1102230246251565e-16
45296.5,388800.0,01/05/2024,10.818927254049317,0.027921585587761477,1.1102230246251565e-16
45296.542969,392512.5216001645,01/05/2024,10.82392693827428,0.027739684318798474,0.0
45296.582031,395887.4783998355,01/05/2024,10.826651669540691,0.025064731155731934,1.1102230246251565e-16
45296.625,399600.0,01/05/2024,10.832106620940067,0.027404951136018596,-1.1102230246251565e-16
45296.667969,403312.5216001645,01/05/2024,10.837779087864277,0.027232466485667572,2.6645352591003757e-15
45296.707031,406687.4783998355,01/05/2024,10.84122060670487,0.02461151840377873,1.1102230246251565e-16
45296.75,410400.0,01/05/2024,10.847335603910587,0.02691499690423882,0.0
45296.792969,414112.5216001645,01/05/2024,10.853666977133866,0.026751373036914217,2.220446049250313e-16
45296.832031,417487.4783998355,01/05/2024,10.857798566339685,0.02418158889793265,2.220446049250313e-16
45296.875,421200.0,01/05/2024,10.864558716551077,0.026450150369407233,1.1102230246251565e-16
45296.917969,424912.5216001645,01/05/2024,10.871513582469593,0.026294865648090138,1.1102230246251565e-16
45296.957031,428287.4783998355,01/05/2024,10.876297154100001,0.023773571171241237,1.1102230246251565e-16
45297.0,432000.0,01/06/2024,10.883636081717508,0.02600892747847805,1.1102230246251565e-16
45297.042969,435712.5216001645,01/06/2024,10.89103757075965,0.025861488794262755,1.1102230246251565e-16
45297.082031,439087.4783998355,01/06/2024,10.89614374146634,0.023386170527529337,0.0
45297.125,442800.0,01/06/2024,10.903623677266992,0.025589935583231416,0.0
45297.167969,446512.5216001645,01/06/2024,10.911143553425788,0.025449875983377446,0.0
45297.207031,449887.4783998355,01/06/2024,10.9164117120193,0.02301815837328114,-1.1102230246251565e-16
45297.25,453600.0,01/06/2024,10.92403354872972,0.025191836321509342,0.0
45297.292969,457312.5216001645,01/06/2024,10.931702254435251,0.02505870547771849,0.0
45297.332031,460687.4783998355,01/06/2024,10.937160605474642,0.022668350944435645,1.1102230246251565e-16
45297.375,464400.0,01/06/2024,10.94494395417232,0.024813348516082634,0.0
45297.417969,468112.5216001645,01/06/2024,10.952780672206789,0.02468671761781671,-2.220446049250313e-16
45297.457031,471487.4783998355,01/06/2024,10.958446297985038,0.022335625893418865,-1.1102230246251565e-16
45297.5,475200.0,01/06/2024,10.966409563700196,0.024453265428222792,-1.1102230246251565e-16
45297.542969,478912.5216001645,01/06/2024,10.974432302837474,0.024332739156178285,-1.1102230246251565e-16
45297.582031,482287.4783998355,01/06/2024,10.980321244814693,0.022018941874259568,0.0
45297.625,486000.0,01/06/2024,10.988481717801918,0.024110472763066326,-1.1102230246251565e-16
45297.667969,489712.5216001645,01/06/2024,10.99669740559807,0.023995687469032134,-1.1102230246251565e-16
45297.707031,493087.4783998355,01/06/2024,11.002814749196592,0.021717343431385316,-2.220446049250313e-16
45297.75,496800.0,01/06/2024,11.011168696341215,0.023783947106497116,-1.1102230246251565e-16
45297.792969,500512.5216001645,01/06/2024,11.01959326822766,0.023674571639740627,-1.1102230246251565e-16
45297.832031,503887.4783998355,01/06/2024,11.025943227188858,0.02142995911710699,3.3306690738754696e-16
45297.875,507600.0,01/06/2024,11.034505987548943,0.023472760422860617,0.0
45297.917969,511312.5216001645,01/06/2024,11.043134476029984,0.02336848836531491,-1.1102230246251565e-16
45297.957031,514687.4783998355,01/06/2024,11.049720458701874,0.02115598250068018,0.0
45298.0,518400.0,01/07/2024,11.058496495371262,0.023176036592064797,0.0
45298.042969,522112.5216001645,01/07/2024,11.067343061502964,0.023076566090911577,0.0
45298.082031,525487.4783998355,01/07/2024,11.074177686277281,0.020894624559558928,0.0
45298.125,529200.0,01/07/2024,11.083180605596855,0.022892919322941907,0.0
45298.167969,532912.5216001645,01/07/2024,11.092248573138821,0.022797967209376324,2.220446049250313e-16
45298.207031,536287.4783998355,01/07/2024,11.099323715486772,0.02064514232409209,1.1102230246251565e-16
45298.25,540000.0,01/07/2024,11.108546325676645,0.022622610154044764,0.0
45298.292969,543712.5216001645,01/07/2024,11.117838242708654,0.022531917304913662,0.0
45298.332031,547087.4783998355,01/07/2024,11.125165087983948,0.020406845050622735,-1.1102230246251565e-16
45298.375,550800.0,01/07/2024,11.134609439674488,0.022364351670326243,0.0
45298.417969,554512.5216001645,01/07/2024,11.144127092064409,0.02227765215664057,1.1102230246251565e-16
45298.457031,557887.4783998355,01/07/2024,11.151706141805551,0.020179049697595097,2.220446049250313e-16
45298.5,561600.0,01/07/2024,11.161373570751643,0.022117429054801185,1.1102230246251565e-16
45298.542969,565312.5216001645,01/07/2024,11.17111807605362,0.022034505236814717,2.220446049250313e-16
45298.582031,568687.4783998355,01/07/2024,11.178939186916878,0.01996111036695236,0.0
45298.625,572400.0,01/07/2024,11.188840381504232,0.02188119489663709,0.0
45298.667969,576112.5216001645,01/07/2024,11.198812200856803,0.021801819655324906,2.220446049250313e-16
45298.707031,579487.4783998355,01/07/2024,11.206884818592538,0.01975261749913315,1.1102230246251565e-16
45298.75,583200.0,01/07/2024,11.217009850868276,0.021655031845332573,-1.1102230246251565e-16
45298.792969,586912.5216001645,01/07/2024,11.227208861619982,0.021579010930768305,2.220446049250313e-16
45298.832031,590287.4783998355,01/07/2024,11.235521741167211,0.019552879360360542,-1.1102230246251565e-16
45298.875,594000.0,01/07/2024,11.245870126540481,0.021438385297018137,2.220446049250313e-16
45298.917969,597712.5216001645,01/07/2024,11.256285662489791,0.021365535605768926,0.0
45298.957031,601087.4783998355,01/07/2024,11.264837133859594,0.019361470983753293,-1.1102230246251565e-16
45299.0,604800.0,01/08/2024,11.275397862268477,0.021230728241832253,-2.220446049250313e-16
45299.042969,608512.5216001645,01/08/2024,11.28602873465897,0.021160872076799286,0.0
45299.082031,611887.4783998355,01/08/2024,11.294816662347383,0.019177927795860583,-2.220446049250313e-16
45299.125,615600.0,01/08/2024,11.305568226739688,0.02103156465459044,0.0
45299.167969,619312.5216001645,01/08/2024,11.316312764765229,0.020964538195486604,-2.220446049250313e-16
45299.207031,622687.4783998355,01/08/2024,11.325164585578545,0.019001820871967112,-2.220446049250313e-16
45299.25,626400.0,01/08/2024,11.335925020424778,0.020840434841795208,-1.1102230246251565e-16
45299.292969,630112.5216001645,01/08/2024,11.346691100448563,0.020776080109672357,-2.220446049250313e-16
45299.332031,633487.4783998355,01/08/2024,11.35558383537277,0.018832734960506414,-2.220446049250313e-16
45299.375,637200.0,01/08/2024,11.36638070892166,0.020656873342645987,-2.220446049250313e-16
45299.417969,640912.5216001645,01/08/2024,11.377185741051377,0.020595031935400243,-3.3306690738754696e-16
45299.457031,644287.4783998355,01/08/2024,11.386135992884672,0.018670251688002182,-3.3306690738754696e-16
45299.5,648000.0,01/08/2024,11.396966422675142,0.02048042954166629,-4.440892098500626e-16
45299.542969,651712.5216001645,01/08/2024,11.407807375157258,0.02042095271969746,-4.440892098500626e-16
45299.582031,655087.4783998355,01/08/2024,11.416811356275787,0.018513980930240592,-3.3306690738754696e-16
45299.625,658800.0,01/08/2024,11.42768204047647,0.02031068403930192,-1.1102230246251565e-16
45299.667969,662512.5216001645,01/08/2024,11.438565470443994,0.02025343007960334,-3.3306690738754696e-16
45299.707031,665887.4783998355,01/08/2024,11.4476390235987,0.01836355313005633,-4.440892098500626e-16
45299.75,669600.0,01/08/2024,11.458566263155955,0.020147239189623356,-4.440892098500626e-16
45299.792969,673312.5216001645,01/08/2024,11.469508341321191,0.02009207801784285,-3.3306690738754696e-16
45299.832031,676687.4783998355,01/08/2024,11.47864696622015,0.018218624948818984,-1.1102230246251565e-16
45299.875,680400.0,01/08/2024,11.48962669400034,0.019989728270004115,-4.440892098500626e-16
45299.917969,684112.5216001645,01/08/2024,11.500623235061166,0.01993654087811425,-3.3306690738754696e-16
45299.957031,687487.4783998355,01/08/2024,11.509832116915561,0.01807888183086348,-1.1102230246251565e-16
45300.0,691200.0,01/09/2024,11.520869922812896,0.0198378053750643,0.0
45300.042969,694912.5216001645,01/09/2024,11.531926396752034,0.019786473980580865,0.0
45300.082031,698287.4783998355,01/09/2024,11.541210411340309,0.017944014101875183,6.8833827526759706e-15
45300.125,702000.0,01/09/2024,11.552311552812583,0.019691141048607363,0.0
45300.167969,705712.5216001645,01/09/2024,11.563433106380458,0.019641553837129067,0.0
45300.207031,709087.4783998355,01/09/2024,11.572796838902018,0.01781373217835469,-4.440892098500626e-16
45300.25,712800.0,01/09/2024,11.583966260316664,0.019549420928199446,-3.3306690738754696e-16
45300.292969,716512.5216001645,01/09/2024,11.595157736967298,0.019501476617139524,-3.3306690738754696e-16
45300.332031,719887.4783998355,01/09/2024,11.604605501008514,0.01768776416550466,-5.551115123125783e-16
45300.375,723600.0,01/09/2024,11.61584784881935,0.019412348056278006,0.0
45300.417969,727312.5216001645,01/09/2024,11.627113794027654,0.01936594516751544,-2.220446049250313e-16
45300.457031,730687.4783998355,01/09/2024,11.636639642584932,0.017565848342518287,-5.551115123125783e-16
45300.5,734400.0,01/09/2024,11.647949287379099,0.01927964493763401,-5.551115123125783e-16
45300.542969,738112.5216001645,01/09/2024,11.659283981142774,0.01923469342561379,-3.3306690738754696e-16
45300.582031,741487.4783998355,01/09/2024,11.668901730192857,0.01744774910794522,-5.551115123125783e-16
45300.625,745200.0,01/09/2024,11.68028279327763,0.019151063196847673,-3.3306690738754696e-16
45300.667969,748912.5216001645,01/09/2024,11.691690280072464,0.01910748707321286,-2.220446049250313e-16
45300.707031,752287.4783998355,01/09/2024,11.701393541772354,0.017333261459642202,-5.551115123125783e-16
45300.75,756000.0,01/09/2024,11.704838585019047,0.019029064383517813,0.008024092552847306
45300.792969,759712.5216001645,01/09/2024,11.63351946826717,0.019255193768872303,0.08308433795643921
45300.832031,763087.4783998355,01/09/2024,10.888048043540174,0.01792281437175003,0.09632424328262434
45300.875,766800.0,01/09/2024,8.075653073063343,0.020169515297485674,0.13280449317090337
45300.917969,770512.5216001645,01/09/2024,6.811257781774255,0.020582321368907586,0.07631761516753843
45300.957031,773887.4783998355,01/09/2024,6.106711715569493,0.019017000402286044,0.048163068329633685
45301.0,777600.0,01/10/2024,5.635251035206761,0.02120880545499304,0.04898949212110715
45301.042969,781312.5216001645,01/10/2024,5.2894802852045,0.02149043281921248,0.04791119264443089
45301.082031,784687.4783998355,01/10/2024,5.022266872152566,0.01975529359031203,0.04324871926421192
45301.125,788400.0,01/10/2024,4.8034794494979645,0.02195177720387509,0.0471892174821571
45301.167969,792112.5216001645,01/10/2024,4.621372773066548,0.02216529689074065,0.04684199617530971
45301.207031,795487.4783998355,01/10/2024,4.467328464285445,0.02031509449978053,0.042279436541951876
45301.25,799200.0,01/10/2024,4.3343080852757625,0.02251922337033907,0.046159637807138276
45301.292969,802912.5216001645,01/10/2024,4.216152495130543,0.02268539352118193,0.04578099445344885
45301.332031,806287.4783998355,01/10/2024,4.114302451983261,0.02075364986747008,0.04020370090496206
45301.375,810000.0,01/10/2024,4.048923795980959,0.022964251569268512,0.016682910217529212
45301.417969,813712.5216001645,01/10/2024,4.006032754479514,0.023094763198377777,0.0005158073271609442
45301.457031,817087.4783998355,01/10/2024,3.9649712790637297,0.021097429009897972,0.00046890701478297103
45301.5,820800.0,01/10/2024,3.9298579408271594,0.02331246617228455,0.0005158073126128038
45301.542969,824512.5216001645,01/10/2024,3.898715845597679,0.023413707663116234,0.0005158073036501953
45301.582031,827887.4783998355,01/10/2024,3.8693809634364422,0.021364021023154045,0.00046890699906554367
45301.625,831600.0,01/10/2024,3.8458765536119612,0.02358139334582887,0.0005158073014046582
45301.667969,835312.5216001645,01/10/2024,3.8255393952292946,0.023658645165988368,0.000515807303285154
45301.707031,838687.4783998355,01/10/2024,3.8051279970979612,0.021567505755280436,0.00046890699382662326
45301.75,842400.0,01/10/2024,3.7887874742383643,0.0237852812500714,0.0005158072958006965
45301.792969,846112.5216001645,01/10/2024,3.7745602196022245,0.023842871098811003,0.0003701286601081044
45301.832031,849487.4783998355,01/10/2024,3.7604694219365067,0.02171919999517158,-8.881784197001252e-16
45301.875,853200.0,01/10/2024,3.750435042949161,0.023935618476157217,6.661338147750939e-16
45301.917969,856912.5216001645,01/10/2024,3.742221835965812,0.023976790769706824,4.440892098500626e-16
45301.957031,860287.4783998355,01/10/2024,3.7335795235684097,0.021827685377670214,0.0
45302.0,864000.0,01/11/2024,3.7287905437425612,0.024041018221037547,2.220446049250313e-16
45302.042969,867712.5216001645,01/11/2024,3.725518870501884,0.024068321788704772,2.220446049250313e-16
45302.082031,871087.4783998355,01/11/2024,3.7210485592867864,0.021899683775862044,-2.220446049250313e-16
45302.125,874800.0,01/11/2024,3.719606980612565,0.024108414653147392,-2.220446049250313e-16
45302.167969,878512.5216001645,01/11/2024,3.7190109230731077,0.02412393568504534,-4.440892098500626e-16
45302.207031,881887.4783998355,01/11/2024,3.717061602606912,0.021940674002868477,-2.220446049250313e-16
45302.25,885600.0,01/11/2024,3.718134991556963,0.02414338304908803,0.0
45302.292969,889312.5216001645,01/11/2024,3.720023764712786,0.024148767813668925,0.0
45302.332031,892687.4783998355,01/11/2024,3.720508778990575,0.021955010463363678,0.0
45302.375,896400.0,01/11/2024,3.7239692374627653,0.024150454327363846,-2.220446049250313e-16
45302.417969,900112.5216001645,01/11/2024,3.728176398952553,0.024147157886934778,0.0
45302.457031,903487.4783998355,01/11/2024,3.7309229228019385,0.021946521121551044,-6.661338147750939e-16
45302.5,907200.0,01/11/2024,3.7365666449719663,0.02413371970803624,-2.220446049250313e-16
45302.542969,910912.5216001645,01/11/2024,3.7428897089881206,0.02412306194267444,0.0
45302.582031,914287.4783998355,01/11/2024,3.7476783754578262,0.021918664554272382,-2.220446049250313e-16
45302.625,918000.0,01/11/2024,3.7552851842491615,0.024096807187461877,2.220446049250313e-16
45302.667969,921712.5216001645,01/11/2024,3.763395022448539,0.024079836178556135,-2.220446049250313e-16
45302.707031,925087.4783998355,01/11/2024,3.769619395459743,0.021874371530426373,-4.440892098500626e-16
45302.75,928800.0,01/11/2024,3.7783521597510985,0.02404276285863105,2.220446049250313e-16
45302.792969,932512.5216001645,01/11/2024,3.787392708161879,0.024020546955311417,4.440892098500626e-16
45302.832031,935887.4783998355,01/11/2024,3.79456882374419,0.021816114422643196,-6.661338147750939e-16
45302.875,939600.0,01/11/2024,3.8042329686122143,0.023974143756500865,-2.220446049250313e-16
45302.917969,943312.5216001645,01/11/2024,3.8142003710730252,0.023947401143486147,0.0
45302.957031,946687.4783998355,01/11/2024,3.822296321426223,0.021745949382923513,-2.220446049250313e-16
45303.0,950400.0,01/12/2024,3.8328594109986627,0.02389308869937956,0.0
45303.042969,954112.5216001645,01/12/2024,3.8437118897362526,0.023862477752725653,-2.220446049250313e-16
45303.082031,957487.4783998355,01/12/2024,3.8526874984676818,0.02166560800033679,-2.220446049250313e-16
45303.125,961200.0,01/12/2024,3.8641088954427127,0.023801396057107738,0.0
45303.167969,964912.5216001645,01/12/2024,3.8757963675738507,0.023767470775885258,-2.220446049250313e-16
45303.207031,968287.4783998355,01/12/2024,3.885592923052628,0.021576554724720864,-2.220446049250313e-16
45303.25,972000.0,01/12/2024,3.8978035260689063,0.023700602575765117,-4.440892098500626e-16
45303.292969,975712.5216001645,01/12/2024,3.910267378658287,0.023663851572193195,0.0
45303.332031,979087.4783998355,01/12/2024,3.9208374455273587,0.02148006614121023,2.220446049250313e-16
45303.375,982800.0,01/12/2024,3.9337994962411207,0.023592049908986112,2.220446049250313e-16
45303.417969,986512.5216001645,01/12/2024,3.946992392551455,0.023552895461266488,-4.440892098500626e-16
45303.457031,989887.4783998355,01/12/2024,3.9582796523227026,0.02137725903328125,-1.1102230246251565e-15
45303.5,993600.0,01/12/2024,3.9719265783181763,0.023476925256847636,2.220446049250313e-16
45303.542969,997312.5216001645,01/12/2024,3.9857823391564766,0.023435760132985095,0.0
45303.582031,1000687.4783998355,01/12/2024,3.99770156026372,0.021269220670479427,-6.661338147750939e-16
45303.625,1004400.0,01/12/2024,4.011867925651164,0.02335636442802702,-4.440892098500626e-16
45303.667969,1008112.5216001645,01/12/2024,4.026121497517187,0.02331357091764552,4.440892098500626e-16
45303.707031,1011487.4783998355,01/12/2024,4.0383383053849515,0.02115680751711757,4.440892098500626e-16
45303.75,1015200.0,01/12/2024,4.052759751581164,0.023231445926118255,2.220446049250313e-16
45303.792969,1018912.5216001645,01/12/2024,4.067267131796393,0.023187379640230432,0.0
45303.832031,1022287.4783998355,01/12/2024,4.079758215455587,0.021041083396957205,0.0
45303.875,1026000.0,01/12/2024,4.094441331038166,0.02310311546713173,4.440892098500626e-16
45303.917969,1029712.5216001645,01/12/2024,4.109209381319052,0.023058050202948266,4.440892098500626e-16
45303.957031,1033087.4783998355,01/12/2024,4.1219721105368246,0.020922728994225537,2.220446049250313e-16
45304.0,1036800.0,01/13/2024,4.136914233924965,0.02297212296110729,-2.220446049250313e-16
45304.042969,1040512.5216001645,01/13/2024,4.151930516998962,0.02292628275482933,2.220446049250313e-16
45304.082031,1043887.4783998355,01/13/2024,4.1649528516813215,0.02080233448599067,-2.220446049250313e-16
45304.125,1047600.0,01/13/2024,4.180131925977563,0.022839074223361067,0.0
45304.167969,1051312.5216001645,01/13/2024,4.1953945825492385,0.022792656233610487,0.0
45304.207031,1054687.4783998355,01/13/2024,4.208664995200677,0.02068041255128783,0.0
45304.25,1058400.0,01/13/2024,4.224079505096964,0.022704509998261457,0.0
45304.292969,1062112.5216001645,01/13/2024,4.239567182815329,0.022657677360228945,-2.220446049250313e-16
45304.332031,1065487.4783998355,01/13/2024,4.253074580935272,0.02055739763303599,-4.440892098500626e-16
45304.375,1069200.0,01/13/2024,4.268713478029766,0.022568897098933505,4.440892098500626e-16
45304.417969,1072912.5216001645,01/13/2024,4.284415280310713,0.022521802098232513,4.440892098500626e-16
45304.457031,1076287.4783998355,01/13/2024,4.298148974197008,0.020433693582566193,-2.220446049250313e-16
45304.5,1080000.0,01/13/2024,4.313991635118768,0.022432660931864135,-1.1102230246251565e-15
45304.542969,1083712.5216001645,01/13/2024,4.329907076309162,0.022385440904722387,-4.440892098500626e-16
45304.582031,1087087.4783998355,01/13/2024,4.343856738244623,0.020309661962217618,0.0
45304.625,1090800.0,01/13/2024,4.359902923092166,0.02229618496636121,0.0
45304.667969,1094512.5216001645,01/13/2024,4.3760118868255935,0.0222489635933254,0.0
45304.707031,1097887.4783998355,01/13/2024,4.390157511758205,0.02018562474764707,9.547918011776346e-15
45304.75,1101600.0,01/13/2024,4.406387318413171,0.022159806559727713,2.220446049250313e-16
45304.792969,1105312.5216001645,01/13/2024,4.422680005477084,0.022112687079161475,-2.220446049250313e-16
45304.832031,1108687.4783998355,01/13/2024,4.4370218599748785,0.020061854479179075,0.0
45304.875,1112400.0,01/13/2024,4.45342567345017,0.022023813310541485,0.0
45304.917969,1116112.5216001645,01/13/2024,4.4698825614631605,0.021976887879015194,2.220446049250313e-16
45304.957031,1119487.4783998355,01/13/2024,4.484401151736159,0.019938589870152512,4.440892098500626e-16
45305.0,1123200.0,01/14/2024,4.500959602995766,0.021888451208011972,4.440892098500626e-16
45305.042969,1126912.5216001645,01/14/2024,4.517551397350394,0.02184179457513835,2.220446049250313e-16
45305.082031,1130287.4783998355,01/14/2024,4.532167428769287,0.019816031328376837,-2.220446049250313e-16
45305.125,1134000.0,01/14/2024,4.548761363220367,0.021753933760686905,-2.220446049250313e-16
45305.167969,1137712.5216001645,01/14/2024,4.565358975021641,0.021707611870736443,0.0
45305.207031,1141087.4783998355,01/14/2024,4.579993323734084,0.019694348601486666,0.0
45305.25,1144800.0,01/14/2024,4.596603749959573,0.02162042623895921,-2.220446049250313e-16
45305.292969,1148512.5216001645,01/14/2024,4.613218231180135,0.021574481413054514,0.0
45305.332031,1151887.4783998355,01/14/2024,4.627881885032088,0.01957365386341081,0.0
45305.375,1155600.0,01/14/2024,4.644509922188171,0.02148803717629555,0.0
45305.417969,1159312.5216001645,01/14/2024,4.661142421757714,0.021442499513502966,0.0
45305.457031,1162687.4783998355,01/14/2024,4.67583645163375,0.019454029778502857,0.0
45305.5,1166400.0,01/14/2024,4.692483306471973,0.021356855075856274,0.0
45305.542969,1170112.5216001645,01/14/2024,4.709135061128353,0.021311754557723717,-2.220446049250313e-16
45305.582031,1173487.4783998355,01/14/2024,4.723860615631181,0.01933555427197753,-2.220446049250313e-16
45305.625,1177200.0,01/14/2024,4.740527579875573,0.021226964405776982,0.0
45305.667969,1180912.5216001645,01/14/2024,4.757199913415465,0.021182333491152505,0.0
45305.707031,1184287.4783998355,01/14/2024,4.771958223930052,0.019218310334728983,2.220446049250313e-16
45305.75,1188000.0,01/14/2024,4.788636682571371,0.021098458589717595,-4.440892098500626e-16
45305.792969,1191712.5216001645,01/14/2024,4.805321014846629,0.02105433212968677,0.0
45305.832031,1195087.4783998355,01/14/2024,4.820103406212996,0.01910239115778367,-2.220446049250313e-16
45305.875,1198800.0,01/14/2024,4.836804854825968,0.020971448406728044,2.220446049250313e-16
45305.917969,1202512.5216001645,01/14/2024,4.85351271828717,0.020927863301029248,0.0
45305.957031,1205887.4783998355,01/14/2024,4.8683206115462125,0.018987893062762495,0.0
45306.0,1209600.0,01/15/2024,4.8850366392417675,0.020846027743788298,-2.220446049250313e-16
45306.042969,1213312.5216001645,01/15/2024,4.9017596422098295,0.020803003041175216,-2.220446049250313e-16
45306.082031,1216687.4783998355,01/15/2024,4.9165945112419385,0.018874869110273806,0.0
45306.125,1220400.0,01/15/2024,4.933326752425367,0.020722241228291693,2.220446049250313e-16
45306.167969,1224112.5216001645,01/15/2024,4.950066543635185,0.020679790785871788,2.220446049250313e-16
45306.207031,1227487.4783998355,01/15/2024,4.964929897256108,0.018763353568532537,0.0
45306.25,1231200.0,01/15/2024,4.981680023903967,0.020600126956077602,4.440892098500626e-16
45306.292969,1234912.5216001645,01/15/2024,4.998428290597739,0.020558266615188003,2.220446049250313e-16
45306.332031,1238287.4783998355,01/15/2024,5.013321673378136,0.018653383146991942,2.220446049250313e-16
45306.375,1242000.0,01/15/2024,5.0300813857579625,0.020479712147860596,-2.220446049250313e-16
45306.417969,1245712.5216001645,01/15/2024,5.046849819107206,0.02043843322804406,2.220446049250313e-16
45306.457031,1249087.4783998355,01/15/2024,5.061764766947978,0.01854494761899872,2.220446049250313e-16
45306.5,1252800.0,01/15/2024,5.078545763903359,0.02036099707419936,0.0
45306.542969,1256512.5216001645,01/15/2024,5.095326084376789,0.020320320053128782,2.220446049250313e-16
45306.582031,1259887.4783998355,01/15/2024,5.110264171777355,0.018438087575420425,-2.220446049250313e-16
45306.625,1263600.0,01/15/2024,5.127048187649959,0.020244015865868548,0.0
45306.667969,1267312.5216001645,01/15/2024,5.143842122892013,0.020203935215858948,5.551115123125783e-15
45306.707031,1270687.4783998355,01/15/2024,5.158804920706879,0.0183327979329313,0.0
45306.75,1274400.0,01/15/2024,5.17560369163136,0.020128770972711152,0.0
45306.792969,1278112.5216001645,01/15/2024,5.192402990897068,0.020089299235863223,0.0
45306.832031,1281487.4783998355,01/15/2024,5.207382097235224,0.01822910646216691,-2.220446049250313e-16
45306.875,1285200.0,01/15/2024,5.224197388376759,0.02001529113142908,-2.220446049250313e-16
45306.917969,1288912.5216001645,01/15/2024,5.241013825486228,0.019976437398790736,0.0
45306.957031,1292287.4783998355,01/15/2024,5.256020859305441,0.018127033754050004,0.0
45307.0,1296000.0,01/16/2024,5.27284445233956,0.019903592837978934,0.0
45307.042969,1299712.5216001645,01/16/2024,5.289659808434586,0.019865355960401843,2.220446049250313e-16
45307.082031,1303087.4783998355,01/16/2024,5.304676390729303,0.018026582233204635,2.220446049250313e-16
45307.125,1306800.0,01/16/2024,5.321500072823755,0.019793682262573498,-4.440892098500626e-16
45307.167969,1310512.5216001645,01/16/2024,5.338306137183669,0.01975606400907637,6.661338147750939e-16
45307.207031,1313887.4783998355,01/16/2024,5.353303896826623,0.017927759384086528,0.0
45307.25,1317600.0,01/16/2024,5.370079464351355,0.019685567489975853,-2.220446049250313e-16
45307.292969,1321312.5216001645,01/16/2024,5.386838033260481,0.019648568825065382,4.440892098500626e-16
45307.332031,1324687.4783998355,01/16/2024,5.401798594485011,0.017830561242446308,4.440892098500626e-16
45307.375,1328400.0,01/16/2024,5.418527819588754,0.019579225085827545,4.440892098500626e-16
45307.417969,1332112.5216001645,01/16/2024,5.435240649947024,0.01954283026690895,4.440892098500626e-16
45307.457031,1335487.4783998355,01/16/2024,5.450155598634482,0.017734948350705437,4.440892098500626e-16
45307.5,1339200.0,01/16/2024,5.466830209875757,0.0194746111930435,2.220446049250313e-16
45307.542969,1342912.5216001645,01/16/2024,5.483489014624268,0.01943880491480776,8.881784197001252e-16
45307.582031,1346287.4783998355,01/16/2024,5.4983698956605975,0.01764088121071339,6.661338147750939e-16
45307.625,1350000.0,01/16/2024,5.515001579901756,0.019371684180677917,6.661338147750939e-16
45307.667969,1353712.5216001645,01/16/2024,5.5316180291253465,0.019336449201041717,4.6629367034256575e-15
45307.707031,1357087.4783998355,01/16/2024,5.546466345365904,0.01754831655111566,0.0
45307.75,1360800.0,01/16/2024,5.5630567412611525,0.01927039585942225,2.220446049250313e-16
45307.792969,1364512.5216001645,01/16/2024,5.579632459215651,0.01923571824199577,4.440892098500626e-16
45307.832031,1367887.4783998355,01/16/2024,5.594449675163809,0.01745721594759786,0.0
45307.875,1371600.0,01/16/2024,5.611000380579154,0.019170705324546233,4.440892098500626e-16
45307.917969,1375312.5216001645,01/16/2024,5.627536953701203,0.019136572922260342,4.440892098500626e-16
45307.957031,1378687.4783998355,01/16/2024,5.642324500779698,0.01736754703620491,2.220446049250313e-16
45308.0,1382400.0,01/17/2024,5.658837073241556,0.01907257236769233,-2.220446049250313e-16
45308.042969,1386112.5216001645,01/17/2024,5.675336039848983,0.01903896671950811,0.0
45308.082031,1389487.4783998355,01/17/2024,5.690095301146216,0.017279261308409843,-2.220446049250313e-16
45308.125,1393200.0,01/17/2024,5.706571247809353,0.01897594701622296,-2.220446049250313e-16
45308.167969,1396912.5216001645,01/17/2024,5.723034098283619,0.018942850186766336,-4.440892098500626e-16
45308.207031,1400287.4783998355,01/17/2024,5.7377664129998704,0.017192314664143282,-2.220446049250313e-16
45308.25,1404000.0,01/17/2024,5.7542071913425525,0.01888077834605184,-2.220446049250313e-16
45308.292969,1407712.5216001645,01/17/2024,5.770635366654765,0.018848175392625066,4.440892098500626e-16
45308.332031,1411087.4783998355,01/17/2024,5.78534202936826,0.017106662572604847,2.220446049250313e-16
45308.375,1414800.0,01/17/2024,5.801739042114948,0.018787012863207053,2.220446049250313e-16
45308.417969,1418512.5216001645,01/17/2024,5.818123924585797,0.018754882504342874,2.220446049250313e-16
45308.457031,1421887.4783998355,01/17/2024,5.83279617784921,0.017022253394669562,-4.440892098500626e-16
45308.5,1425600.0,01/17/2024,5.849160778686348,0.018694600700408515,-6.661338147750939e-16
45308.542969,1429312.5216001645,01/17/2024,5.865513706470465,0.018662927661090123,-6.661338147750939e-16
45308.582031,1432687.4783998355,01/17/2024,5.8801627541888335,0.016939047521997708,-8.881784197001252e-16
45308.625,1436400.0,01/17/2024,5.896496256048349,0.01860350198277061,-4.440892098500626e-16
45308.667969,1440112.5216001645,01/17/2024,5.91281853506043,0.018572278911600293,-2.220446049250313e-16
45308.707031,1443487.4783998355,01/17/2024,5.927445557239191,0.01685702197102401,-1.3322676295501878e-15
45308.75,1447200.0,01/17/2024,5.943739251016747,0.01851369386161572,0.0
45308.792969,1450912.5216001645,01/17/2024,5.960022163574728,0.018482912692604714,0.0
45308.832031,1454287.4783998355,01/17/2024,5.974618323658659,0.01677615988652903,4.440892098500626e-16
45308.875,1458000.0,01/17/2024,5.990883489130749,0.018425165590905124,-6.661338147750939e-16
45308.917969,1461712.5216001645,01/17/2024,6.00713831885582,0.0183948295551275,-6.661338147750939e-16
45308.957031,1465087.4783998355,01/17/2024,6.021714784982417,0.016696466067944726,-8.881784197001252e-16
45309.0,1468800.0,01/18/2024,6.037952704335548,0.018337919049349338,-8.881784197001252e-16
45309.042969,1472512.5216001645,01/18/2024,6.054170726193983,0.01830802160807643,-1.1102230246251565e-15
45309.082031,1475887.4783998355,01/18/2024,6.068718650017273,0.016617923976113502,-8.881784197001252e-16
45309.125,1479600.0,01/18/2024,6.08492058434335,0.018251934227469846,-6.661338147750939e-16
45309.167969,1483312.5216001645,01/18/2024,6.101113051349366,0.018222467127218422,-1.1102230246251565e-15
45309.207031,1486687.4783998355,01/18/2024,6.11564356217164,0.016540511065331387,-6.661338147750939e-16
45309.25,1490400.0,01/18/2024,6.1318107406519475,0.018167178424267405,-8.881784197001252e-16
45309.292969,1494112.5216001645,01/18/2024,6.147968872069355,0.0181381311768245,-6.661338147750939e-16
45309.332031,1497487.4783998355,01/18/2024,6.162473072141439,0.016464199843060356,-8.881784197001252e-16
45309.375,1501200.0,01/18/2024,6.178616697056548,0.018083625216595678,-1.5543122344752192e-15
45309.417969,1504912.5216001645,01/18/2024,6.1947516784417305,0.018054981385182245,-1.7763568394002505e-15
45309.457031,1508287.4783998355,01/18/2024,6.209230633763698,0.01638895502722093,-1.3322676295501878e-15
45309.5,1512000.0,01/18/2024,6.225341872837752,0.018001238920478002,-1.5543122344752192e-15
45309.542969,1515712.5216001645,01/18/2024,6.241444873891683,0.017973000917480775,-1.3322676295501878e-15
45309.582031,1519087.4783998355,01/18/2024,6.255909644945725,0.016314771025742303,-1.3322676295501878e-15
45309.625,1522800.0,01/18/2024,6.271989654212548,0.017920009263455938,-1.1102230246251565e-15
45309.667969,1526512.5216001645,01/18/2024,6.288061814236454,0.017892159895991355,-1.1102230246251565e-15
45309.707031,1529887.4783998355,01/18/2024,6.3025034226414975,0.016241608062601998,-6.661338147750939e-16
45309.75,1533600.0,01/18/2024,6.318553314757554,0.0178398918662932,-1.1102230246251565e-15
45309.792969,1537312.5216001645,01/18/2024,6.334595741683283,0.017812426852032104,-1.3322676295501878e-15
45309.832031,1540687.4783998355,01/18/2024,6.349015199271894,0.01616945747192844,-1.5543122344752192e-15
45309.875,1544400.0,01/18/2024,6.365036093024346,0.01776089395684899,-1.5543122344752192e-15
45309.917969,1548112.5216001645,01/18/2024,6.381049906978322,0.017733813997113046,-1.3322676295501878e-15
45309.957031,1551487.4783998355,01/18/2024,6.395448222792814,0.01609831590030808,-1.3322676295501878e-15
45310.0,1555200.0,01/19/2024,6.411441213554547,0.017682990994236647,-1.3322676295501878e-15
45310.042969,1558912.5216001645,01/19/2024,6.427427494176231,0.017656280787003098,-1.5543122344752192e-15
45310.082031,1562287.4783998355,01/19/2024,6.441795643281536,0.01602814915528228,-1.3322676295501878e-15
45310.125,1566000.0,01/19/2024,6.457751803380144,0.01760615997577908,-1.3322676295501878e-15
45310.167969,1569712.5216001645,01/19/2024,6.4736816249852,0.01757982180413009,-8.881784197001252e-16
45310.207031,1573087.4783998355,01/19/2024,6.488000580933481,0.015958955808251574,-6.661338147750939e-16
45310.25,1576800.0,01/19/2024,6.5039009701993455,0.01753038969716947,-1.1102230246251565e-15
45310.292969,1580512.5216001645,01/19/2024,6.519785380900179,0.017504410538183635,-1.1102230246251565e-15
45310.332031,1583887.4783998355,01/19/2024,6.534066087262901,0.01589070660087266,-2.220446049250313e-15
45310.375,1587600.0,01/19/2024,6.549911736249348,0.01745564862233806,-2.4424906541753444e-15
45310.417969,1591312.5216001645,01/19/2024,6.565741753173437,0.017430016739156784,-2.4424906541753444e-15
45310.457031,1594687.4783998355,01/19/2024,6.579975122293372,0.015823369092940354,-2.220446049250313e-15
45310.5,1598400.0,01/19/2024,6.595777022334949,0.017381900015331908,-1.9984014443252818e-15
45310.542969,1602112.5216001645,01/19/2024,6.611563629900661,0.017356607520163436,-1.9984014443252818e-15
45310.582031,1605487.4783998355,01/19/2024,6.625750553884127,0.015756923626540242,-1.9984014443252818e-15
45310.625,1609200.0,01/19/2024,6.6414996797713455,0.01730912598708123,-1.5543122344752192e-15
45310.667969,1612912.5216001645,01/19/2024,6.657233841998484,0.017284162438265582,-1.1102230246251565e-15
45310.707031,1616287.4783998355,01/19/2024,6.671385187466449,0.01569134520462434,-1.7763568394002505e-15
45310.75,1620000.0,01/19/2024,6.687092485340549,0.01723729808322183,-1.5543122344752192e-15
45310.792969,1623712.5216001645,01/19/2024,6.70278514558188,0.017212660358039145,-1.3322676295501878e-15
45310.832031,1627087.4783998355,01/19/2024,6.716891766008463,0.01562662048433694,-8.881784197001252e-16
45310.875,1630800.0,01/19/2024,6.732548169031149,0.017166403044365453,-6.661338147750939e-16
45310.917969,1634512.5216001645,01/19/2024,6.74819025091075,0.017142081730705527,-4.440892098500626e-16
45310.957031,1637887.4783998355,01/19/2024,6.762262978243508,0.015562727622075556,-8.881784197001252e-16
45311.0,1641600.0,01/20/2024,6.777879391622348,0.017096413574659408,-8.881784197001252e-16
45311.042969,1645312.5216001645,01/20/2024,6.793481788601738,0.017072397279072504,-8.881784197001252e-16
45311.082031,1648687.4783998355,01/20/2024,6.8075114219639365,0.015499633453801565,-1.1102230246251565e-15
45311.125,1652400.0,01/20/2024,6.823078709939144,0.017027288262010387,-1.5543122344752192e-15
45311.167969,1656112.5216001645,01/20/2024,6.838632272787781,0.01700356275154391,-1.1102230246251565e-15
45311.207031,1659487.4783998355,01/20/2024,6.852629577177049,0.015437304261725515,-4.440892098500626e-16
45311.25,1663200.0,01/20/2024,6.868158570968146,0.016958994054958154,-1.3322676295501878e-15
45311.292969,1666912.5216001645,01/20/2024,6.883664116504364,0.016935545311925537,-1.5543122344752192e-15
45311.332031,1670287.4783998355,01/20/2024,6.8976198195776535,0.015375702884371734,-1.9984014443252818e-15
45311.375,1674000.0,01/20/2024,6.913101304292147,0.01689148451966993,-2.4424906541753444e-15
45311.417969,1677712.5216001645,01/20/2024,6.928569603840216,0.016868299781741314,-2.4424906541753444e-15
45311.457031,1681087.4783998355,01/20/2024,6.942494397548699,0.015314793642499325,-2.220446049250313e-15
45311.5,1684800.0,01/20/2024,6.957939122370347,0.016824725043434796,-2.220446049250313e-15
45311.542969,1688512.5216001645,01/20/2024,6.97336091251755,0.01680179016949168,-2.4424906541753444e-15
45311.582031,1691887.4783998355,01/20/2024,6.987245456504996,0.015254544455572727,-1.9984014443252818e-15
45311.625,1695600.0,01/20/2024,7.002644140432547,0.016758683764969362,-8.881784197001252e-16
45311.667969,1699312.5216001645,01/20/2024,7.018030133572528,0.016735993146562933,-1.7763568394002505e-15
45311.707031,1702687.4783998355,01/20/2024,7.031885067237844,0.015194933864933091,-1.9984014443252818e-15
45311.75,1706400.0,01/20/2024,7.047248401136749,0.01669333379077287,-1.5543122344752192e-15
45311.792969,1710112.5216001645,01/20/2024,7.0625892773502175,0.016670876061313677,-1.7763568394002505e-15
45311.832031,1713487.4783998355,01/20/2024,7.076405214584489,0.015135937092352947,-1.7763568394002505e-15
45311.875,1717200.0,01/20/2024,7.09172387232755,0.01662865736465413,-1.3322676295501878e-15
45311.917969,1720912.5216001645,01/20/2024,7.107030300944655,0.016606428520731242,-1.5543122344752192e-15
45311.957031,1724287.4783998355,01/20/2024,7.120817842024365,0.015077541154495222,-1.7763568394002505e-15
45312.0,1728000.0,01/21/2024,7.136092473655149,0.016564631279706532,-1.1102230246251565e-15
45312.042969,1731712.5216001645,01/21/2024,7.151355096638967,0.0165426228801433,-1.3322676295501878e-15
45312.082031,1735087.4783998355,01/21/2024,7.165104819759244,0.015019723140028418,-1.3322676295501878e-15
45312.125,1738800.0,01/21/2024,7.18034605275835,0.01650123319510577,-8.881784197001252e-16
45312.167969,1742512.5216001645,01/21/2024,7.195575486203631,0.01647943331638757,-1.1102230246251565e-15
45312.207031,1745887.4783998355,01/21/2024,7.209297941978609,0.01496245589119205,-1.1102230246251565e-15
45312.25,1749600.0,01/21/2024,7.224496374897153,0.016438433001267683,-1.3322676295501878e-15
45312.292969,1753312.5216001645,01/21/2024,7.2396832110216875,0.016416835819377695,-1.3322676295501878e-15
45312.332031,1756687.4783998355,01/21/2024,7.253368930098028,0.01490571905152116,-1.7763568394002505e-15
45312.375,1760400.0,01/21/2024,7.268535135001355,0.01637620471213097,-1.9984014443252818e-15
45312.417969,1764112.5216001645,01/21/2024,7.283689935409453,0.016354800340590003,-2.4424906541753444e-15
45312.457031,1767487.4783998355,01/21/2024,7.297339424521586,0.014849489491428614,-2.4424906541753444e-15
45312.5,1771200.0,01/21/2024,7.312463959071553,0.01631453434185559,-2.220446049250313e-15
45312.542969,1774912.5216001645,01/21/2024,7.3275772793191125,0.016293320387269716,-1.5543122344752192e-15
45312.582031,1778287.4783998355,01/21/2024,7.341201038630154,0.014793759213608482,-1.3322676295501878e-15
45312.625,1782000.0,01/21/2024,7.356294447610154,0.016253408895693156,-1.7763568394002505e-15
45312.667969,1785712.5216001645,01/21/2024,7.3713668345668735,0.016232386954893485,-1.7763568394002505e-15
45312.707031,1789087.4783998355,01/21/2024,7.384955367613068,0.014738532781077396,-1.5543122344752192e-15
45312.75,1792800.0,01/21/2024,7.400008210085956,0.016192842633351745,-1.3322676295501878e-15
45312.792969,1796512.5216001645,01/21/2024,7.415050220726978,0.016172010344398302,-1.1102230246251565e-15
45312.832031,1799887.4783998355,01/21/2024,7.428614028986824,0.014683807986072495,-1.3322676295501878e-15
45312.875,1803600.0,01/21/2024,7.443626857088554,0.016132828139749478,-4.440892098500626e-16
45312.917969,1807312.5216001645,01/21/2024,7.458629051647162,0.016112194375631717,-8.881784197001252e-16
45312.957031,1810687.4783998355,01/21/2024,7.472158653121938,0.014629601608618259,-6.661338147750939e-16
45313.0,1814400.0,01/22/2024,7.487142038715748,0.016073385432797238,-8.881784197001252e-16
45313.042969,1818112.5216001645,01/22/2024,7.502114981580008,0.016052942819429816,-4.440892098500626e-16
45313.082031,1821487.4783998355,01/22/2024,7.515610879862096,0.01457589845229279,-4.440892098500626e-16
45313.125,1825200.0,01/22/2024,7.530555370040346,0.016014490008046778,-8.881784197001252e-16
45313.167969,1828912.5216001645,01/22/2024,7.545489607355344,0.01599423731864924,-6.661338147750939e-16
45313.207031,1832287.4783998355,01/22/2024,7.558962299163158,0.01452269185608479,-2.220446049250313e-16
45313.25,1836000.0,01/22/2024,7.573868437554748,0.015956138549817922,-8.881784197001252e-16
45313.292969,1839712.5216001645,01/22/2024,7.588764504252356,0.015936066477486577,-6.661338147750939e-16
45313.332031,1843087.4783998355,01/22/2024,7.602204466663346,0.014469962294427319,-1.9984014443252818e-15
45313.375,1846800.0,01/22/2024,7.617082770030147,0.015898303356037147,-1.9984014443252818e-15
45313.417969,1850512.5216001645,01/22/2024,7.631951179887781,0.01587840981449773,-1.7763568394002505e-15
45313.457031,1853887.4783998355,01/22/2024,7.645358880233762,0.01441770062895742,-1.7763568394002505e-15
45313.5,1857600.0,01/22/2024,7.660199861773145,0.015840981610567795,-1.5543122344752192e-15
45313.542969,1861312.5216001645,01/22/2024,7.675031122934249,0.0158212608408288,-1.3322676295501878e-15
45313.582031,1864687.4783998355,01/22/2024,7.6884170167197885,0.014365893805770469,-1.1102230246251565e-15
45313.625,1868400.0,01/22/2024,7.70322116870295,0.015784152311219657,-1.1102230246251565e-15
45313.667969,1872112.5216001645,01/22/2024,7.7180157638140665,0.015764595265487458,-8.881784197001252e-16
45313.707031,1875487.4783998355,01/22/2024,7.7313702834328035,0.014314519070003584,-4.440892098500626e-16
45313.75,1879200.0,01/22/2024,7.746148080611552,0.015727796774541503,2.220446049250313e-16
45313.792969,1882912.5216001645,01/22/2024,7.760906492196717,0.015708411507425524,0.0
45313.832031,1886287.4783998355,01/22/2024,7.77423008602291,0.014263593805294406,-6.661338147750939e-16
45313.875,1890000.0,01/22/2024,7.788962028760554,0.01567194295116181,0.0
45313.917969,1893712.5216001645,01/22/2024,7.803684757775753,0.015652728777872937,9.769962616701378e-15
45313.957031,1897087.4783998355,01/22/2024,7.816967876060848,0.014213118387464974,-6.661338147750939e-16
45314.0,1900800.0,01/23/2024,7.831654452537353,0.015616576331261456,-6.661338147750939e-16
45314.042969,1904512.5216001645,01/23/2024,7.846331976999958,0.015597524625384551,-6.661338147750939e-16
45314.082031,1907887.4783998355,01/23/2024,7.859575046388639,0.014163069279907958,-6.661338147750939e-16
45314.125,1911600.0,01/23/2024,7.874216720158549,0.015561673444114632,-8.881784197001252e-16
45314.167969,1915312.5216001645,01/23/2024,7.888849504210172,0.015542783971213225,-8.881784197001252e-16
45314.207031,1918687.4783998355,01/23/2024,7.90205294943063,0.014113445576432682,-4.440892098500626e-16
45314.25,1922400.0,01/23/2024,7.916650187511945,0.015507237836576593,-8.881784197001252e-16
45314.292969,1926112.5216001645,01/23/2024,7.931238691250193,0.01548850400795665,-8.881784197001252e-16
45314.332031,1929487.4783998355,01/23/2024,7.944402921361088,0.014064230330955496,-1.7763568394002505e-15
45314.375,1933200.0,01/23/2024,7.958966164532545,0.015453243180443721,-1.9984014443252818e-15
45314.417969,1936912.5216001645,01/23/2024,7.973510824269298,0.01543465968644675,-1.9984014443252818e-15
45314.457031,1940287.4783998355,01/23/2024,7.986636235117886,0.014015410561563968,-1.7763568394002505e-15
45314.5,1944000.0,01/23/2024,8.00115591576295,0.015399680945966665,-1.7763568394002505e-15
45314.542969,1947712.5216001645,01/23/2024,8.015657156950056,0.01538124122730622,-1.7763568394002505e-15
45314.582031,1951087.4783998355,01/23/2024,8.02874412814382,0.013966971209951495,-1.3322676295501878e-15
45314.625,1954800.0,01/23/2024,8.043220661193956,0.015346532999346962,-1.1102230246251565e-15
45314.667969,1958512.5216001645,01/23/2024,8.057678900280361,0.015328239088360007,-1.1102230246251565e-15
45314.707031,1961887.4783998355,01/23/2024,8.070737812449352,0.013918911863440186,-1.1102230246251565e-15
45314.75,1965600.0,01/23/2024,8.07801717271111,0.015297296620934375,0.007157980038579703
45314.792969,1969312.5216001645,01/23/2024,8.01036144354103,0.015571621188845697,0.08236737190544141
45314.832031,1972687.4783998355,01/23/2024,7.899661412465863,0.014642986765526445,0.0888630205476224
45314.875,1976400.0,01/23/2024,6.419000074809621,0.016635812672774364,0.1299471977086979
45314.917969,1980112.5216001645,01/23/2024,5.662070311993889,0.017119665824289143,0.06654943081945142
45314.957031,1983487.4783998355,01/23/2024,5.194547753111816,0.01593032685301843,0.047542886985171506
45315.0,1987200.0,01/24/2024,4.864896856784637,0.01788408476235226,0.04867498449689567
45315.042969,1990912.5216001645,01/24/2024,4.612993554425432,0.018234404229232837,0.047857712083076986
45315.082031,1994287.4783998355,01/24/2024,4.414609148946373,0.01686032962783024,0.043224742476476674
45315.125,1998000.0,01/24/2024,4.248168218628236,0.018834918743877438,0.04713585953844568
45315.167969,2001712.5216001645,01/24/2024,4.106493831154682,0.01911028692719796,0.04673469608140968
45315.207031,2005087.4783998355,01/24/2024,3.9870493951186594,0.017602822337680735,0.04224727001057271
45315.25,2008800.0,01/24/2024,3.8811535829270403,0.019598806594103735,0.04607463397081801
45315.292969,2012512.5216001645,01/24/2024,3.7862031241305223,0.01983208822964677,0.04572256097752048
45315.332031,2015887.4783998355,01/24/2024,3.7052272659421,0.01821567994813833,0.0395815505059578
45315.375,2019600.0,01/24/2024,3.670065318309839,0.020233264865535006,0.0019952158726379565
45315.417969,2023312.5216001645,01/24/2024,3.640455950493039,0.02042643656633203,0.0005158072625977006
45315.457031,2026687.4783998355,01/24/2024,3.6115811421647317,0.018724095428927612,0.00046890696233647944
45315.5,2030400.0,01/24/2024,3.587344029638836,0.020758691495117887,0.000515807255899059
45315.542969,2034112.5216001645,01/24/2024,3.5660167659617885,0.020918540207198077,0.0005158072566291416
45315.582031,2037487.4783998355,01/24/2024,3.5457125495092745,0.019144687809120597,0.00046890695709711494
45315.625,2041200.0,01/24/2024,3.530090039797236,0.021193295088021813,0.000515807255899059
45315.667969,2044912.5216001645,01/24/2024,3.5167295471427513,0.021325312102032257,0.0005158072566291416
45315.707031,2048287.4783998355,01/24/2024,3.5029327205438916,0.01949207822733534,0.00046890695709711494
45315.75,2052000.0,01/24/2024,3.49255889255583,0.021551977140431333,0.000515807255899059
45315.792969,2055712.5216001645,01/24/2024,3.483989519811579,0.021660708439732446,0.00024008344096726475
45315.832031,2059087.4783998355,01/24/2024,3.4751976797013393,0.01977815818593953,4.440892098500626e-16
45315.875,2062800.0,01/24/2024,3.469864507034427,0.02184682556660711,-4.440892098500626e-16
45315.917969,2066512.5216001645,01/24/2024,3.465980228076293,0.02193571917312731,8.881784197001252e-16
45315.957031,2069887.4783998355,01/24/2024,3.461492273788889,0.020012044195510725,-4.440892098500626e-16
45316.0,2073600.0,01/25/2024,3.4603393328682204,0.022087057141360944,0.0
45316.042969,2077312.5216001645,01/25/2024,3.460368212999785,0.022158876990580723,-4.440892098500626e-16
45316.082031,2080687.4783998355,01/25/2024,3.4591292381391954,0.020201021543337916,-4.440892098500626e-16
45316.125,2084400.0,01/25/2024,3.4605994579500274,0.02228021592829954,0.0
45316.167969,2088112.5216001645,01/25/2024,3.462766708505824,0.02233724719183172,-8.881784197001252e-16
45316.207031,2091487.4783998355,01/25/2024,3.463597804476957,0.020351093106846463,-8.881784197001252e-16
45316.25,2095200.0,01/25/2024,3.4671502512812244,0.02243244353374152,0.0
45316.292969,2098912.5216001645,01/25/2024,3.4713767819746595,0.02247652755298013,0.0
45316.332031,2102287.4783998355,01/25/2024,3.474213909408383,0.02046712491980074,4.440892098500626e-16
45316.375,2106000.0,01/25/2024,3.4797427472848232,0.022548835601156725,4.440892098500626e-16
45316.417969,2109712.5216001645,01/25/2024,3.4859043693922347,0.022581619588212476,0.0
45316.457031,2113087.4783998355,01/25/2024,3.4906178204754594,0.020553449166101245,-8.881784197001252e-16
45316.5,2116800.0,01/25/2024,3.4979818449600275,0.022634022089608408,-8.881784197001252e-16
45316.542969,2120512.5216001645,01/25/2024,3.505918848891066,0.022657001631962714,0.0
45316.582031,2123887.4783998355,01/25/2024,3.5123528327865037,0.02061398234326539,4.440892098500626e-16
45316.625,2127600.0,01/25/2024,3.521374955356829,0.02269212070829596,0.0
45316.667969,2131312.5216001645,01/25/2024,3.53078152527877,0.02270656785832692,4.440892098500626e-16
45316.707031,2134687.4783998355,01/25/2024,3.538393605689186,0.020652079315606642,-4.440892098500626e-16
45316.75,2138400.0,01/25/2024,3.5483502424804287,0.022726635536516326,0.0
45316.792969,2142112.5216001645,01/25/2024,3.55857388522226,0.02273364135981737,0.0
45316.832031,2145487.4783998355,01/25/2024,3.5670044975710455,0.02067061135948478,-4.440892098500626e-16
45316.875,2149200.0,01/25/2024,3.577775050528632,0.02274055194464175,4.440892098500626e-16
45316.917969,2152912.5216001645,01/25/2024,3.5888060929686096,0.022741041202497314,-4.440892098500626e-16
45316.957031,2156287.4783998355,01/25/2024,3.5980381016201237,0.02067200771125499,0.0
45317.0,2160000.0,01/26/2024,3.609594513819629,0.02273641139479743,0.0
45317.042969,2163712.5216001645,01/26/2024,3.6214056914173947,0.022731176538805187,-4.440892098500626e-16
45317.082031,2167087.4783998355,01/26/2024,3.6313940426079414,0.020658350595207153,0.0
45317.125,2170800.0,01/26/2024,3.6436904337504297,0.022716390426296584,4.440892098500626e-16
45317.167969,2174512.5216001645,01/26/2024,3.656226546695918,0.022706112466540418,-1.7763568394002505e-15
45317.207031,2177887.4783998355,01/26/2024,3.6669379837106986,0.02063143623126784,0.0
45317.25,2181600.0,01/26/2024,3.6799403678666254,0.022682383347714108,-4.440892098500626e-16
45317.292969,2185312.5216001645,01/26/2024,3.69315803594674,0.022667667365409372,-4.440892098500626e-16
45317.332031,2188687.4783998355,01/26/2024,3.7045308875729654,0.02059285087506879,0.0
45317.375,2192400.0,01/26/2024,3.718176953179433,0.022636065012852313,0.0
45317.417969,2196112.5216001645,01/26/2024,3.732034397663802,0.022617443403582627,-4.440892098500626e-16
45317.457031,2199487.4783998355,01/26/2024,3.744038399552262,0.020544001425014002,-1.7763568394002505e-15
45317.5,2203200.0,01/26/2024,3.758287335118026,0.02257893508415698,0.0
45317.542969,2206912.5216001645,01/26/2024,3.772724241850672,0.022556906167423563,0.0
45317.582031,2210287.4783998355,01/26/2024,3.7852804367943778,0.02048619430811094,0.0
45317.625,2214000.0,01/26/2024,3.7999828579086268,0.022512420485359286,-4.440892098500626e-16
45317.667969,2217712.5216001645,01/26/2024,3.814760329133084,0.022487470797120324,4.440892098500626e-16
45317.707031,2221087.4783998355,01/26/2024,3.827571038245254,0.020420708480932248,8.881784197001252e-16
45317.75,2224800.0,01/26/2024,3.8425089275566267,0.02243788869715324,4.440892098500626e-16
45317.792969,2228512.5216001645,01/26/2024,3.8575193750268086,0.022410447045054127,0.0
45317.832031,2231887.4783998355,01/26/2024,3.8705780447267726,0.02034866940774016,0.0
45317.875,2235600.0,01/26/2024,3.8857545579226374,0.022356512680325125,-4.440892098500626e-16
45317.917969,2239312.5216001645,01/26/2024,3.9010014990970197,0.02232694076203323,4.440892098500626e-16
45317.957031,2242687.4783998355,01/26/2024,3.914302527687034,0.02027102841394779,0.0
45318.0,2246400.0,01/27/2024,3.9297018089214335,0.022269280393800273,1.3322676295501878e-14
45318.042969,2250112.5216001645,01/27/2024,3.9451796875764105,0.022237877956953866,0.0
45318.082031,2253487.4783998355,01/27/2024,3.9587082636906574,0.02018857545949615,-4.440892098500626e-16
45318.125,2257200.0,01/27/2024,3.9743352782392387,0.022177014528368844,4.440892098500626e-16
45318.167969,2260912.5216001645,01/27/2024,3.990029331878442,0.022144053365130034,0.0
45318.207031,2264287.4783998355,01/27/2024,4.0037813484884905,0.02010201617918206,0.0
45318.25,2268000.0,01/27/2024,4.0196118090850375,0.022080460236727717,4.440892098500626e-16
45318.292969,2271712.5216001645,01/27/2024,4.035507979724945,0.022046170180638924,-4.440892098500626e-16
45318.332031,2275087.4783998355,01/27/2024,4.049469941913119,0.020011961877429485,4.440892098500626e-16
45318.375,2278800.0,01/27/2024,4.065500218676839,0.021980276973330604,8.881784197001252e-16
45318.417969,2282512.5216001645,01/27/2024,4.081595091570279,0.021944872477444477,4.440892098500626e-16
45318.457031,2285887.4783998355,01/27/2024,4.095754072913301,0.01991898101932499,-4.440892098500626e-16
45318.5,2289600.0,01/27/2024,4.1119711379672355,0.021877064812931835,-8.881784197001252e-16
45318.542969,2293312.5216001645,01/27/2024,4.128241881686216,0.02184074303190009,-1.3322676295501878e-15
45318.582031,2296687.4783998355,01/27/2024,4.14259547125481,0.019823589250323792,-8.881784197001252e-16
45318.625,2300400.0,01/27/2024,4.1589868463254325,0.021771375095275047,-4.440892098500626e-16
45318.667969,2304112.5216001645,01/27/2024,4.17543116045752,0.021734313665525917,0.0
45318.707031,2307487.4783998355,01/27/2024,4.189957412289629,0.019726251657584015,0.0
45318.75,2311200.0,01/27/2024,4.206511109861826,0.021663697232591872,-4.440892098500626e-16
45318.792969,2314912.5216001645,01/27/2024,4.2231171598851835,0.021626050145211906,-4.440892098500626e-16
45318.832031,2318287.4783998355,01/27/2024,4.2378145326410115,0.0196273723246847,0.0
45318.875,2322000.0,01/27/2024,4.254518994814826,0.02155446164250563,-4.440892098500626e-16
45318.917969,2325712.5216001645,01/27/2024,4.271275362535358,0.021516367354447397,0.0
45318.957031,2329087.4783998355,01/27/2024,4.286122677975276,0.01952731534757568,0.0
45319.0,2332800.0,01/28/2024,4.302966726049823,0.021444048028618212,4.440892098500626e-16
45319.042969,2336512.5216001645,01/28/2024,4.31982235223576,0.021405625993446975,0.0
45319.082031,2339887.4783998355,01/28/2024,4.3347387494184835,0.01942639709838545,0.0
45319.125,2343600.0,01/28/2024,4.351601544437419,0.02133279504358576,0.0
45319.167969,2347312.5216001645,01/28/2024,4.368475696196218,0.021294151334851463,0.0
45319.207031,2350687.4783998355,01/28/2024,4.383420589358926,0.019324893068819904,0.0
45319.25,2354400.0,01/28/2024,4.4003015698356185,0.02122098054620558,4.440892098500626e-16
45319.292969,2358112.5216001645,01/28/2024,4.417183765554232,0.021182195696068717,0.0
45319.332031,2361487.4783998355,01/28/2024,4.432146781171409,0.019223015853780723,0.0
45319.375,2365200.0,01/28/2024,4.449035602988418,0.0211088214628532,0.0
45319.417969,2368912.5216001645,01/28/2024,4.465935565139776,0.0210699621142183,0.0
45319.457031,2372287.4783998355,01/28/2024,4.48092650707632,0.019120941953481463,4.440892098500626e-16
45319.5,2376000.0,01/28/2024,4.497833014566615,0.0209965075945604,0.0
45319.542969,2379712.5216001645,01/28/2024,4.514740651004012,0.020957636263798207,0.0
45319.582031,2383087.4783998355,01/28/2024,4.5297494872673125,0.01901883603007093,-4.440892098500626e-16
45319.625,2386800.0,01/28/2024,4.546663705379415,0.020884217958531792,4.440892098500626e-16
45319.667969,2390512.5216001645,01/28/2024,4.563589103787222,0.020845398434005347,4.440892098500626e-16
45319.707031,2393887.4783998355,01/28/2024,4.578625967907105,0.018916864402985567,0.0
45319.75,2397600.0,01/28/2024,4.595558101891215,0.020772134235215844,-4.440892098500626e-16
45319.792969,2401312.5216001645,01/28/2024,4.612491532921843,0.02073343080281731,0.0
45319.832031,2404687.4783998355,01/28/2024,4.62754672965604,0.018815196629134334,0.0
45319.875,2408400.0,01/28/2024,4.644487177797015,0.020660448249685714,-4.440892098500626e-16
45319.917969,2412112.5216001645,01/28/2024,4.66142910237433,0.020621924235605604,0.0
45319.957031,2415487.4783998355,01/28/2024,4.676503100450943,0.01871399786802641,-4.440892098500626e-16
45320.0,2419200.0,01/29/2024,4.693452429084615,0.020549328259303223,0.0
45320.042969,2422912.5216001645,01/29/2024,4.710403456260585,0.0205110271479505,0.0
45320.082031,2426287.4783998355,01/29/2024,4.725496842406941,0.01861338572161486,0.0
45320.125,2430000.0,01/29/2024,4.742455732253409,0.0204388901030903,0.0
45320.167969,2433712.5216001645,01/29/2024,4.759416581047431,0.02040084839991607,0.0
45320.207031,2437087.4783998355,01/29/2024,4.774530038132823,0.0185134568978107,0.0
45320.25,2440800.0,01/29/2024,4.79149927454461,0.02032923612485149,-4.440892098500626e-16
45320.292969,2444512.5216001645,01/29/2024,4.808470766865535,0.020291492074225204,0.0
45320.332031,2447887.4783998355,01/29/2024,4.823595069480244,0.01841430255992904,0.0
45320.375,2451600.0,01/29/2024,4.840565522839005,0.020220453380044745,0.0
45320.417969,2455312.5216001645,01/29/2024,4.857538540635395,0.02018301802420197,0.0
45320.457031,2458687.4783998355,01/29/2024,4.872684507203101,0.018315966799388406,0.0
45320.5,2462400.0,01/29/2024,4.889667108775005,0.02011260161676276,0.0
45320.542969,2466112.5216001645,01/29/2024,4.906642623009113,0.02007551417442599,4.440892098500626e-16
45320.582031,2469487.4783998355,01/29/2024,4.921801161298652,0.018218538423180775,0.0
45320.625,2473200.0,01/29/2024,4.938786926258204,0.020005765081737792,0.0
45320.667969,2476912.5216001645,01/29/2024,4.9557659633393145,0.019969036976323906,0.0
45320.707031,2480287.4783998355,01/29/2024,4.970938022361445,0.018122059390272227,-4.440892098500626e-16
45320.75,2484000.0,01/29/2024,4.987928019941809,0.01989999723294744,0.0
45320.792969,2487712.5216001645,01/29/2024,5.004911677842288,0.01986365800160428,-4.440892098500626e-16
45320.832031,2491087.4783998355,01/29/2024,5.020098276743252,0.018026598691118778,0.0
45320.875,2494800.0,01/29/2024,5.037083649672616,0.01979537286995381,0.0
45320.917969,2498512.5216001645,01/29/2024,5.054073095954798,0.01975944616645009,0.0
45320.957031,2501887.4783998355,01/29/2024,5.069265314311383,0.017932218300824587,8.881784197001252e-16
45321.0,2505600.0,01/30/2024,5.086247264712616,0.019691950460639873,0.0
45321.042969,2509312.5216001645,01/30/2024,5.103233714765721,0.019656449993416203,4.440892098500626e-16
45321.082031,2512687.4783998355,01/30/2024,5.118432672084055,0.017838957101190545,4.440892098500626e-16
45321.125,2516400.0,01/30/2024,5.135412448539616,0.01958977622803104,0.0
45321.167969,2520112.5216001645,01/30/2024,5.152377165969441,0.019554717258056797,4.440892098500626e-16
45321.207031,2523487.4783998355,01/30/2024,5.167544023783422,0.01774685772009832,4.440892098500626e-16
45321.25,2527200.0,01/30/2024,5.1844729196878125,0.019488895805789497,0.0
45321.292969,2530912.5216001645,01/30/2024,5.201387208928542,0.0194542888990199,4.440892098500626e-16
45321.332031,2534287.4783998355,01/30/2024,5.2165131545853525,0.017655945441489962,4.440892098500626e-16
45321.375,2538000.0,01/30/2024,5.233392472065208,0.019389317224305813,4.440892098500626e-16
45321.417969,2541712.5216001645,01/30/2024,5.250257631636866,0.01935515965389456,0.0
45321.457031,2545087.4783998355,01/30/2024,5.265343842236587,0.0175662105836345,0.0
45321.5,2548800.0,01/30/2024,5.282174871279607,0.019291028472515848,4.440892098500626e-16
45321.542969,2552512.5216001645,01/30/2024,5.298992186113158,0.019257314687980198,8.881784197001252e-16
45321.582031,2555887.4783998355,01/30/2024,5.314039827463774,0.017477641229458385,4.440892098500626e-16
45321.625,2559600.0,01/30/2024,5.330823845672213,0.019194017998824364,4.440892098500626e-16
45321.667969,2563312.5216001645,01/30/2024,5.347594586439697,0.019160740722391267,4.440892098500626e-16
45321.707031,2566687.4783998355,01/30/2024,5.362604806744902,0.017390220760493236,0.0
45321.75,2570400.0,01/30/2024,5.37934307286801,0.01909826632935463,4.440892098500626e-16
45321.792969,2574112.5216001645,01/30/2024,5.396068493235281,0.019065420389814847,4.440892098500626e-16
45321.832031,2577487.4783998355,01/30/2024,5.411042427320873,0.017303933947598438,4.440892098500626e-16
45321.875,2581200.0,01/30/2024,5.427736184539213,0.019003757473889493,0.0
45321.917969,2584912.5216001645,01/30/2024,5.444417524375846,0.018971340236216605,8.881784197001252e-16
45321.957031,2588287.4783998355,01/30/2024,5.4593662957698905,0.017218771457333304,-8.881784197001252e-16
45322.0,2592000.0,01/31/2024,5.476016771168607,0.018910475552289085,0.0
45322.042969,2595712.5216001645,01/31/2024,5.4926552473326025,0.018878475948959306,0.0
45322.082031,2599087.4783998355,01/31/2024,5.5075699532610765,0.017134706403506783,0.0
45322.125,2602800.0,01/31/2024,5.524178347304807,0.01881839364363813,-8.881784197001252e-16
45322.167969,2606512.5216001645,01/31/2024,5.540775148952144,0.018786801838004408,-1.3322676295501878e-15
45322.207031,2609887.4783998355,01/31/2024,5.555656862014511,0.017051712819029063,0.0
45322.25,2613600.0,01/31/2024,5.5722243442770045,0.01872748209100905,4.440892098500626e-16
45322.292969,2617312.5216001645,01/31/2024,5.588780633647519,0.018696289172549285,8.881784197001252e-16
45322.332031,2620687.4783998355,01/31/2024,5.6036303996298615,0.01696976606929468,0.0
45322.375,2624400.0,01/31/2024,5.620158106552409,0.018637706809400356,0.0
45322.417969,2628112.5216001645,01/31/2024,5.636675004911557,0.018606898745954226,0.0
45322.457031,2631487.4783998355,01/31/2024,5.651493835404138,0.016888830570941593,-4.440892098500626e-16
45322.5,2635200.0,01/31/2024,5.667982871001404,0.018549035720525353,-1.3322676295501878e-15
45322.542969,2638912.5216001645,01/31/2024,5.684461473855799,0.018518602803833772,-8.881784197001252e-16
45322.582031,2642287.4783998355,01/31/2024,5.6992403566138625,0.01680888274921699,-1.7763568394002505e-15
45322.625,2646000.0,01/31/2024,5.715691803603806,0.018461447105391215,-1.3322676295501878e-15
45322.667969,2649712.5216001645,01/31/2024,5.7321331913357705,0.018431387554720402,-4.440892098500626e-16
45322.707031,2653087.4783998355,01/31/2024,5.746883106677365,0.016729915151209696,-8.881784197001252e-16
45322.75,2656800.0,01/31/2024,5.763298040638209,0.018374933852129516,-1.3322676295501878e-15
45322.792969,2660512.5216001645,01/31/2024,5.779703286180653,0.018345245772074747,8.881784197001252e-16
45322.832031,2663887.4783998355,01/31/2024,5.794425211539539,0.016651925434103987,-4.440892098500626e-16
45322.875,2667600.0,01/31/2024,5.810804712499007,0.01828950093482007,-8.881784197001252e-16
45322.917969,2671312.5216001645,01/31/2024,5.8271649047797025,0.01826019219298658,-8.881784197001252e-16
45322.957031,2674687.4783998355,01/31/2024,5.841859834960018,0.01657492996654497,-1.3322676295501878e-15
45323.0,2678400.0,02/01/2024,5.858204998055206,0.018205163284587655,-1.3322676295501878e-15
45323.042969,2682112.5216001645,02/01/2024,5.8745312292548535,0.018176231429283263,-1.7763568394002505e-15
45323.082031,2685487.4783998355,02/01/2024,5.889200154295039,0.016498924950653304,-4.440892098500626e-16
45323.125,2689200.0,02/01/2024,5.905502067489606,0.01812191336269109,-1.3322676295501878e-15
45323.167969,2692912.5216001645,02/01/2024,5.921795421334678,0.018093353751890362,-4.440892098500626e-16
45323.207031,2696287.4783998355,02/01/2024,5.936439318724626,0.016423897350840377,-1.7763568394002505e-15
45323.25,2700000.0,02/01/2024,5.952709048114406,0.01803972974623491,-4.440892098500626e-16
45323.292969,2703712.5216001645,02/01/2024,5.968970584752873,0.018011536922319493,-1.3322676295501878e-15
45323.332031,2707087.4783998355,02/01/2024,5.983580416176795,0.016349831598496678,-1.7763568394002505e-15
45323.375,2710800.0,02/01/2024,5.9998190123226065,0.01795859610768602,-2.220446049250313e-15
45323.417969,2714512.5216001645,02/01/2024,6.0160397694329975,0.017930756905848,-2.6645352591003757e-15
45323.457031,2717887.4783998355,02/01/2024,6.030626469305187,0.016276699862103783,-2.220446049250313e-15
45323.5,2721600.0,02/01/2024,6.0468249596552,0.017878490357301047,-1.7763568394002505e-15
45323.542969,2725312.5216001645,02/01/2024,6.063015969458017,0.0178510100168765,-1.7763568394002505e-15
45323.582031,2728687.4783998355,02/01/2024,6.077570476081397,0.016204506474881697,-1.7763568394002505e-15
45323.625,2732400.0,02/01/2024,6.093739883769001,0.017799407557593128,-1.7763568394002505e-15
45323.667969,2736112.5216001645,02/01/2024,6.109892155552637,0.017772271565078768,-1.3322676295501878e-15
45323.707031,2739487.4783998355,02/01/2024,6.124425374426873,0.016133218673186178,-2.6645352591003757e-15
45323.75,2743200.0,02/01/2024,6.140556688096395,0.017721313850962872,-1.3322676295501878e-15
45323.792969,2746912.5216001645,02/01/2024,6.156681211145581,0.017694522957697245,-1.3322676295501878e-15
45323.832031,2750287.4783998355,02/01/2024,6.171184049571756,0.01606283822211907,-2.6645352591003757e-15
45323.875,2754000.0,02/01/2024,6.1872882755094,0.017644226146320108,-2.6645352591003757e-15
45323.917969,2757712.5216001645,02/01/2024,6.20337605671845,0.017617781037547076,-8.881784197001252e-16
45323.957031,2761087.4783998355,02/01/2024,6.217859422556624,0.015993365511153712,-1.7763568394002505e-15
45324.0,2764800.0,02/02/2024,6.233927433157395,0.017568010608950857,-1.3322676295501878e-15
