TIME_2DSOIL,TIME_PHREEQCRM,DATE,MINERAL_N,DELTA_NITRIFIED_N,DELTA_DENITRIFIED_N
45292.0,0.0,01/01/2024,25.536502038527143,0.0,0.0
45292.042969,3712.521600164473,01/01/2024,25.498214667179525,0.09684224699916796,0.13333962358092338
45292.082031,7087.478399835527,01/01/2024,25.462811765171896,0.08758263714763206,0.12121553861821488
45292.125,10800.0,01/01/2024,25.42351020840645,0.09579802970415396,0.13333958560564174
45292.167969,14512.521600164473,01/01/2024,25.383645766486417,0.09522513736632404,0.13333957837277827
45292.207031,17887.478399835527,01/01/2024,25.346790737605573,0.08609048202105335,0.12121551010059528
45292.25,21600.0,01/01/2024,25.305915706002693,0.09418454361228668,0.1333395741280503
45292.292969,25312.521600164473,01/01/2024,25.264529667564616,0.09365354114672719,0.1333395783727791
45292.332031,28687.478399835527,01/01/2024,25.226319216510383,0.08469509195459979,0.12121554169906001
45292.375,32400.0,01/01/2024,25.183995321798943,0.09268568485512063,0.13333957844576116
45292.417969,36112.52160016447,01/01/2024,25.141197537534318,0.09219179532018285,0.13333957837277888
45292.457031,39487.47839983553,01/01/2024,25.10173920966957,0.08339721461737148,0.12121554169906035
45292.5,43200.0,01/01/2024,25.05807122026407,0.09129158956697281,0.13333957844576094
45292.542969,46912.52160016447,01/01/2024,25.01396386263136,0.09083222223229726,0.1333395783727791
45292.582031,50287.47839983553,01/01/2024,24.973358386151446,0.08219003493049004,0.12121551010063314
45292.625,54000.0,01/01/2024,24.9284537468378,0.08999493565496741,0.13333957412801167
45292.667969,57712.52160016447,01/01/2024,24.88315184690937,0.08956767907773178,0.13333961647997983
45292.707031,61087.47839983553,01/01/2024,24.841493579291573,0.08106727460236574,0.1212155717555019
45292.75,64800.0,01/01/2024,24.795442312373773,0.08877833380136346,0.13333961518936466
45292.792969,68512.52160016447,01/01/2024,24.74896200921571,0.08832926585385925,0.13333956917270173
45292.832031,71887.47839983553,01/01/2024,24.706272879359528,0.07996638211885676,0.12121551334975766
45292.875,75600.0,01/01/2024,22.413813825491534,0.08761028403977145,0.13333934054724894
45292.917969,79312.52160016447,01/01/2024,19.431616858253,0.08725278487024246,0.13333976165836647
45292.957031,82687.47839983553,01/01/2024,17.567187335298783,0.07901601559341187,0.12121554281376268
45293.0,86400.0,01/02/2024,16.2690817045103,0.08659730473453253,0.13199293661392986
45293.042969,90112.52160016447,01/02/2024,15.299388629634532,0.08626455582090697,0.12512763492741819
45293.082031,93487.47839983553,01/02/2024,14.536648001930342,0.0781438082517818,0.10730444355206847
45293.125,97200.0,01/02/2024,13.920404030308166,0.08565384753825844,0.11311782812443338
45293.167969,100912.52160016447,01/02/2024,13.396744991436258,0.08535005336323742,0.10973910697200218
45293.207031,104287.47839983553,01/02/2024,12.958663367774863,0.07732225264995085,0.09670388917411188
45293.25,108000.0,01/02/2024,12.577682770583934,0.08477228406339776,0.1041928968055057
45293.292969,111712.52160016447,01/02/2024,12.23765820501091,0.08447610564946872,0.10317069036602389
45293.332031,115087.47839983553,01/02/2024,11.938350411866502,0.07654721755971305,0.09238502697756834
45293.375,118800.0,01/02/2024,11.671622428607133,0.08393482247343842,0.10110282268520754
45293.417969,122512.52160016447,01/02/2024,11.430347087322737,0.0836574283954592,0.09971278595948174
45293.457031,125887.47839983553,01/02/2024,11.20856196840447,0.07581882777088911,0.09056396080419038
45293.5,129600.0,01/02/2024,11.003193255917934,0.0831513215330717,0.09920004758832679
45293.542969,133312.52160016447,01/02/2024,10.814457203712532,0.08289355184447,0.09888961695276066
45293.582031,136687.47839983553,01/02/2024,10.642294485263792,0.07514084278608069,0.08993357208922337
45293.625,140400.0,01/02/2024,10.482517893491334,0.08242261811196983,0.09884922098401727
45293.667969,144112.52160016447,01/02/2024,10.332853978404888,0.08218276697591032,0.09870669317457281
45293.707031,147487.47839983553,01/02/2024,10.192322950417179,0.07451019391725389,0.08970123116865025
45293.75,151200.0,01/02/2024,10.058435050993737,0.08174587408275569,0.09800378406437726
45293.792969,154912.52160016447,01/02/2024,9.931783629861322,0.08152273152850986,0.09796416284000475
45293.832031,158287.47839983553,01/02/2024,9.813738408539699,0.07392374542295199,0.08883897568493637
45293.875,162000.0,01/02/2024,9.700667169370536,0.08111531921143778,0.09778656770145844
45293.917969,165712.52160016447,01/02/2024,9.59447581326395,0.08090776261470856,0.09705912811711848
45293.957031,169087.47839983553,01/02/2024,9.495103081618383,0.07337812754192097,0.08872086717953032
45294.0,172800.0,01/03/2024,9.400029940394315,0.08052886463829134,0.09719201433695002
45294.042969,176512.52160016447,01/03/2024,9.309158103553216,0.08033632503226773,0.09746816987796425
45294.082031,179887.47839983553,01/03/2024,9.223213742467882,0.07287001569677543,0.0883443844068541
45294.125,183600.0,01/03/2024,9.138438189853513,0.079983548219837,0.09747910918998048
45294.167969,187312.52160016447,01/03/2024,9.057264479615963,0.0798045011452082,0.0968382190693653
45294.207031,190687.47839983553,01/03/2024,8.980011039655713,0.07239786650464541,0.08856131408823664
45294.25,194400.0,01/03/2024,8.905301246089714,0.07947671153546665,0.09604651231959771
45294.292969,198112.52160016447,01/03/2024,8.831719495866007,0.07930956376705556,0.09761132202468392
45294.332031,201487.47839983553,01/03/2024,8.763245711386407,0.07195918395992695,0.08790297519434631
45294.375,205200.0,01/03/2024,8.695646444067712,0.07900523274877802,0.09672450747056871
45294.417969,208912.52160016447,01/03/2024,8.630488272312139,0.07885003171639049,0.09666821085347621
45294.457031,212287.47839983553,01/03/2024,8.569323789014561,0.07155078911814172,0.08782527905630833
45294.5,216000.0,01/03/2024,8.508805312648112,0.07856658743350753,0.09653507101701564
45294.542969,219712.52160016447,01/03/2024,8.450518583673757,0.07842225364206179,0.09640899025193406
45294.582031,223087.47839983553,01/03/2024,8.395817250443717,0.07117099065071653,0.08771233096002984
45294.625,226800.0,01/03/2024,8.341055936719112,0.07815865651536136,0.09674997746483616
45294.667969,230512.52160016447,01/03/2024,8.287426036157768,0.07802442916705044,0.09698433747169055
45294.707031,233887.47839983553,01/03/2024,8.236390502253244,0.07081757642524522,0.08847311755113552
45294.75,237600.0,01/03/2024,8.184556283999324,0.0777792897123275,0.09751351620213455
45294.792969,241312.52160016447,01/03/2024,8.133976125541693,0.07765434324707421,0.0973945096532427
45294.832031,244687.47839983553,01/03/2024,8.085110463931503,0.07048910048882906,0.0897547696923997
45294.875,248400.0,01/03/2024,8.036379424629345,0.0774263836720177,0.09775743192173891
45294.917969,252112.52160016447,01/03/2024,7.98799872618035,0.07731008758759561,0.098470795115567
45294.957031,255487.47839983553,01/03/2024,7.942730856968573,0.0701835744308612,0.08938145217568927
45295.0,259200.0,01/04/2024,7.896032318022285,0.07709830736410783,0.09883685573766421
45295.042969,262912.5216001645,01/04/2024,7.849862347755157,0.07699024101535379,0.09929022120622655
45295.082031,266287.4783998355,01/04/2024,7.80735993051423,0.06989953244380676,0.08958195922678058
45295.125,270000.0,01/04/2024,7.762631868714838,0.07679316838869266,0.09972124067567734
45295.167969,273712.5216001645,01/04/2024,7.7193835717345545,0.07669266843148748,0.09914097671265765
45295.207031,277087.4783998355,01/04/2024,7.678306595322798,0.06963547877521847,0.09087246582774
45295.25,280800.0,01/04/2024,7.636352617218096,0.07650933331009657,0.09956332371358556
45295.292969,284512.5216001645,01/04/2024,7.594848851147361,0.07641596882417989,0.0999197466047761
45295.332031,287887.4783998355,01/04/2024,7.55625772967443,0.06938974078173832,0.0908608711223593
45295.375,291600.0,01/04/2024,7.516035522812274,0.07624546585589265,0.10019768125327211
45295.417969,295312.5216001645,01/04/2024,7.476059465213323,0.07615860200577451,0.10068466823683231
45295.457031,298687.4783998355,01/04/2024,7.439522962494092,0.06916127181999077,0.09104778193195884
45295.5,302400.0,01/04/2024,7.4008104419140555,0.07600004064328125,0.10082256901547026
45295.542969,306112.5216001645,01/04/2024,7.362716538585128,0.07591929393268781,0.10086320521773473
45295.582031,309487.4783998355,01/04/2024,7.327473664809,0.06894876919819204,0.09170164973391515
45295.625,313200.0,01/04/2024,7.290349075838801,0.07577183763862383,0.10095643422504885
45295.667969,316912.5216001645,01/04/2024,7.253718487924448,0.07569673117823239,0.1009173259706575
45295.707031,320287.4783998355,01/04/2024,7.219701126288494,0.06875095370407003,0.09187832232006343
45295.75,324000.0,01/04/2024,7.183797572835361,0.07555932732061699,0.10108288807073329
45295.792969,327712.5216001645,01/04/2024,7.148217753701477,0.07548950089526318,0.10119932766506956
45295.832031,331087.4783998355,01/04/2024,7.115441702150195,0.06856718958986985,0.09196324765808761
45295.875,334800.0,01/04/2024,7.08061126847856,0.07536200165294105,0.10129244322344633
45295.917969,338512.5216001645,01/04/2024,7.04607902204032,0.07529706489901322,0.10139931991856344
45295.957031,341887.4783998355,01/04/2024,7.014258339190921,0.06839633622310082,0.09224702767449422
45296.0,345600.0,01/05/2024,6.980396442140307,0.07517849185914294,0.10153039688841226
45296.042969,349312.5216001645,01/05/2024,6.946817426477377,0.07511810134200125,0.10162712296578746
45296.082031,352687.4783998355,01/05/2024,6.915952317937638,0.06823744427747691,0.0924625585592409
45296.125,356400.0,01/05/2024,6.882939235293313,0.07500782957985574,0.10180091741737307
45296.167969,360112.5216001645,01/05/2024,6.85024053528166,0.07495166702921718,0.1018403729249524
45296.207031,363487.4783998355,01/05/2024,6.820200793647405,0.06808967640370422,0.09271942269904443
45296.25,367200.0,01/05/2024,6.787977915995125,0.07484911541432382,0.10205199810055454
45296.292969,370912.5216001645,01/05/2024,6.75599035089582,0.07479688444887245,0.10214445444244546
45296.332031,374287.4783998355,01/05/2024,6.726748709661294,0.06795224417587598,0.09293388959095772
45296.375,378000.0,01/05/2024,6.6949922355814975,0.07470149251951241,0.10255797074993112
45296.417969,381712.5216001645,01/05/2024,6.6637213360108705,0.07465290471988517,0.10237380857993195
45296.457031,385087.4783998355,01/05/2024,6.635184930352633,0.06782437578508826,0.09315078468318028
45296.5,388800.0,01/05/2024,6.604521835637754,0.07456419660643121,0.10235729550439565
45296.542969,392512.5216001645,01/05/2024,6.573711974547113,0.07451897820258857,0.10277884287667405
45296.582031,395887.4783998355,01/05/2024,6.54589039132971,0.06770555965768921,0.0932971460150771
45296.625,399600.0,01/05/2024,6.51553847118075,0.07443647691293798,0.10286840039765366
45296.667969,403312.5216001645,01/05/2024,6.485358163184282,0.07439446795264004,0.10295477899951422
45296.707031,406687.4783998355,01/05/2024,6.458188007649468,0.06759497343002252,0.09343513179511831
45296.75,410400.0,01/05/2024,6.428344153838132,0.07431782624626493,0.10311168333945453
45296.792969,414112.5216001645,01/05/2024,6.398784051955272,0.07427872193165896,0.10306882685215335
45296.832031,417487.4783998355,01/05/2024,6.371748845906319,0.06749225131841285,0.09401746090065188
45296.875,421200.0,01/05/2024,6.343880479819374,0.07420720063431929,0.10172556897664542
45296.917969,424912.5216001645,01/05/2024,6.319753913913903,0.07417066493055202,0.09794723318657894
45296.957031,428287.4783998355,01/05/2024,6.2998542923174465,0.06739631104609067,0.08695593460462092
45297.0,432000.0,01/06/2024,6.278638676425997,0.07410412651086418,0.09499974431012781
45297.042969,435712.5216001645,01/06/2024,6.259788481137677,0.07407041194268871,0.09258061000733164
45297.082031,439087.4783998355,01/06/2024,6.243004034913099,0.06730728288528276,0.083771731616757
45297.125,442800.0,01/06/2024,6.224971653890224,0.07400863925901113,0.09174102290030106
45297.167969,446512.5216001645,01/06/2024,6.208234013100796,0.07397719261768643,0.09040483558159984
45297.207031,449887.4783998355,01/06/2024,6.194232908656415,0.06722454188665239,0.08090564877970152
45297.25,453600.0,01/06/2024,6.1790123938720605,0.07391989896776607,0.08884041627407235
45297.292969,457312.5216001645,01/06/2024,6.1642397255289,0.07389061150405674,0.08835328208138904
45297.332031,460687.4783998355,01/06/2024,6.151457144633702,0.06714755706490294,0.07963014034578997
45297.375,464400.0,01/06/2024,6.137940207170411,0.07383725722414525,0.08704419714262457
45297.417969,468112.5216001645,01/06/2024,6.125190885317652,0.0738101260566264,0.08625944999219293
45297.457031,471487.4783998355,01/06/2024,6.113932083420163,0.06707617254397213,0.07803497635437573
45297.5,475200.0,01/06/2024,6.101894267919752,0.07376055596544262,0.08550837386710342
45297.542969,478912.5216001645,01/06/2024,6.089983783971936,0.07373522628682494,0.0853557129100988
45297.582031,482287.4783998355,01/06/2024,6.079168635985935,0.06700967971799976,0.07755482994781815
45297.625,486000.0,01/06/2024,6.068262061344842,0.07368913084685502,0.08432570735791955
45297.667969,489712.5216001645,01/06/2024,6.057724002989664,0.0736656250053418,0.083913684955645
45297.707031,493087.4783998355,01/06/2024,6.048811063374268,0.06694789492592612,0.07559083654304821
45297.75,496800.0,01/06/2024,6.03886915209533,0.07362275939695628,0.08328467297164721
45297.792969,500512.5216001645,01/06/2024,6.029386264723376,0.07360095410017564,0.08280384338864089
45297.832031,503887.4783998355,01/06/2024,6.020724471344996,0.06689044400434696,0.07528223924295219
45297.875,507600.0,01/06/2024,6.011778506265729,0.07356102213588045,0.08223698968407156
45297.917969,511312.5216001645,01/06/2024,6.003044142374106,0.07354075283621597,0.08200511917522668
45297.957031,514687.4783998355,01/06/2024,5.995141564318025,0.0668370102282676,0.07446959071656423
45298.0,518400.0,01/07/2024,5.986656908542885,0.07350358949421754,0.08171824741437028
45298.042969,522112.5216001645,01/07/2024,5.978952134762267,0.0734846842617749,0.08091946041425224
45298.082031,525487.4783998355,01/07/2024,5.972004766351674,0.06678719796541266,0.07347456861038992
45298.125,529200.0,01/07/2024,5.964573490536106,0.07345021199582824,0.08063149021575988
45298.167969,532912.5216001645,01/07/2024,5.958099352874072,0.07343260212411984,0.07964674196128385
45298.207031,536287.4783998355,01/07/2024,5.9518857184836245,0.06674102057534803,0.07270465683644112
45298.25,540000.0,01/07/2024,5.94517842419349,0.07340057470522332,0.07986787153146935
45298.292969,543712.5216001645,01/07/2024,5.9384493162099865,0.07338423948825223,0.07988334986447398
45298.332031,547087.4783998355,01/07/2024,5.9327694202321695,0.06669808086013695,0.07213797913423647
45298.375,550800.0,01/07/2024,5.926658526786049,0.07335439526347187,0.07924529040634987
45298.417969,554512.5216001645,01/07/2024,5.920792181737713,0.0733392574870333,0.07896560455975887
45298.457031,557887.4783998355,01/07/2024,5.9156394347410775,0.0666580907066745,0.07157083966913724
45298.5,561600.0,01/07/2024,5.909687408613923,0.07331148490319706,0.079043513409081
45298.542969,565312.5216001645,01/07/2024,5.904110466312343,0.07329739377746947,0.07864433842045493
45298.582031,568687.4783998355,01/07/2024,5.8991069893902095,0.06662073267513335,0.07140421199996716
45298.625,572400.0,01/07/2024,5.893708137934826,0.07327153338943937,0.07844038703846934
45298.667969,576112.5216001645,01/07/2024,5.888112097099665,0.0732583919520895,0.07863443453360297
45298.707031,579487.4783998355,01/07/2024,5.883801052609085,0.06658635530428825,0.07067740233030229
45298.75,583200.0,01/07/2024,5.8792881407447695,0.07323442968604965,0.0775373442399534
45298.792969,586912.5216001645,01/07/2024,5.874753302859762,0.07322220165295334,0.07754704253480504
45298.832031,590287.4783998355,01/07/2024,5.8706791798617575,0.06655419617029601,0.07041832174475537
45298.875,594000.0,01/07/2024,5.866237785006067,0.07319990983975799,0.07743130719190994
45298.917969,597712.5216001645,01/07/2024,5.862304451015179,0.07318855596207818,0.07691189225174355
45298.957031,601087.4783998355,01/07/2024,5.858511813764206,0.06652428012747613,0.07012691929952908
45299.0,604800.0,01/08/2024,5.85439713419808,0.07316782367062835,0.07709250557637759
45299.042969,608512.5216001645,01/08/2024,5.85012297474443,0.07315723017162412,0.0772413916906558
45299.082031,611887.4783998355,01/08/2024,5.846778242123213,0.06649649994097828,0.06965123447745114
45299.125,615600.0,01/08/2024,5.842632772840942,0.0731379429465413,0.07709341486089372
45299.167969,619312.5216001645,01/08/2024,5.839225608399436,0.07312814849822935,0.07634531498440467
45299.207031,622687.4783998355,01/08/2024,5.8357656760637,0.06647062697853023,0.06976056182111989
45299.25,626400.0,01/08/2024,5.831981938736406,0.07311016395409986,0.07671390401787548
45299.292969,630112.5216001645,01/08/2024,5.828939202743202,0.07310102205878977,0.07595376056118042
45299.332031,633487.4783998355,01/08/2024,5.8257049120618545,0.06644656305683405,0.06951085602996088
45299.375,637200.0,01/08/2024,5.821845103742991,0.0730843288042955,0.07676413996324527
45299.417969,640912.5216001645,01/08/2024,5.81836790188051,0.07307582826918946,0.07637303283890873
45299.457031,644287.4783998355,01/08/2024,5.8151227541126245,0.06642423269888909,0.06948938311866115
45299.5,648000.0,01/08/2024,5.811928600622613,0.073060318686192,0.07608447404064123
45299.542969,651712.5216001645,01/08/2024,5.8086097218196855,0.0730523803570371,0.07619126195680437
45299.582031,655087.4783998355,01/08/2024,5.805476395656868,0.06640344017946376,0.06935676831661297
45299.625,658800.0,01/08/2024,5.80212145812152,0.07303798544660012,0.07621292513452005
45299.667969,662512.5216001645,01/08/2024,5.798899657416253,0.07303060431367392,0.07608240724025706
45299.707031,665887.4783998355,01/08/2024,5.796028128077091,0.06638405691578342,0.06908558770976825
45299.75,669600.0,01/08/2024,5.792592349043268,0.07301717709763267,0.07628295828068232
45299.792969,673312.5216001645,01/08/2024,5.78915106005839,0.07301033161787274,0.07628162318404819
45299.832031,676687.4783998355,01/08/2024,5.787103732147097,0.06636608867861682,0.06824341829500113
45299.875,680400.0,01/08/2024,5.783960788292853,0.07299785307919393,0.07597079936343931
45299.917969,684112.5216001645,01/08/2024,5.781090716432775,0.07299149507902847,0.07570156936094463
45299.957031,687487.4783998355,01/08/2024,5.778800548314179,0.06634936235925792,0.06847953285990371
45300.0,691200.0,01/09/2024,5.776175467604621,0.07297987206937506,0.07544495527172757
45300.042969,694912.5216001645,01/09/2024,5.773326904503777,0.07297395563043985,0.07566252069584323
45300.082031,698287.4783998355,01/09/2024,5.771114776810212,0.06633379023764441,0.06837591995636316
45300.125,702000.0,01/09/2024,5.767955345205704,0.07296316717184403,0.07596260134891608
45300.167969,705712.5216001645,01/09/2024,5.766208377483706,0.07295767716558821,0.07454464718867371
45300.207031,709087.4783998355,01/09/2024,5.763734299016098,0.06631931010233671,0.06863339108857858
45300.25,712800.0,01/09/2024,5.761101963930322,0.07294761671127858,0.07542995385344398
45300.292969,716512.5216001645,01/09/2024,5.758753120597661,0.07294251885975633,0.07513136466657144
45300.332031,719887.4783998355,01/09/2024,5.75664631483626,0.06630585155371627,0.06826265954990518
45300.375,723600.0,01/09/2024,5.754202495647874,0.07293316099985603,0.07522698233018232
45300.417969,727312.5216001645,01/09/2024,5.751892996337413,0.07292839642271431,0.07508789802133364
45300.457031,730687.4783998355,01/09/2024,5.749528567380245,0.06629333435742346,0.06850776590383845
45300.5,734400.0,01/09/2024,5.747232399155122,0.07291972520511969,0.07506589581842249
45300.542969,738112.5216001645,01/09/2024,5.74464665916288,0.07291528635673039,0.07535102872841648
45300.582031,741487.4783998355,01/09/2024,5.742609214867877,0.06628169421749952,0.0681791412497681
45300.625,745200.0,01/09/2024,5.740562767570703,0.07290720865204392,0.07481365851559829
45300.667969,748912.5216001645,01/09/2024,5.738056183042094,0.07290308933825251,0.07526967643632432
45300.707031,752287.4783998355,01/09/2024,5.735776869935796,0.06627086223652867,0.06840017784837826
45300.75,756000.0,01/09/2024,5.73592981724992,0.07289546188734164,0.07260270102918653
45300.792969,759712.5216001645,01/09/2024,5.709490600458734,0.07289106731599126,0.09919068935922937
45300.832031,763087.4783998355,01/09/2024,5.473689252512883,0.0662601985258835,0.08457194467884221
45300.875,766800.0,01/09/2024,4.252475216500983,0.07288421396888545,0.09714850015199872
45300.917969,770512.5216001645,01/09/2024,3.6162776078884598,0.07288068546358062,0.10686844150426111
45300.957031,773887.4783998355,01/09/2024,3.246289320623447,0.06625102930360782,0.09460931687483409
45301.0,777600.0,01/10/2024,2.992116292382786,0.07287448769871574,0.10303752453122073
45301.042969,781312.5216001645,01/10/2024,2.8025986568950207,0.07287126276035494,0.10249890698991848
45301.082031,784687.4783998355,01/10/2024,2.6552266656760186,0.06624264784559131,0.09307465022504502
45301.125,788400.0,01/10/2024,2.5316569288713864,0.0728653535211734,0.10213510796783964
45301.167969,792112.5216001645,01/10/2024,2.4275040598518993,0.07286232830389139,0.10165520328631317
45301.207031,795487.4783998355,01/10/2024,2.339018721655828,0.06623477455445936,0.09279011474430732
45301.25,799200.0,01/10/2024,2.260669622183987,0.0728568301214878,0.10107593110738122
45301.292969,802912.5216001645,01/10/2024,2.1896555884157656,0.07285391006480779,0.10142794496459828
45301.332031,806287.4783998355,01/10/2024,2.128070717495363,0.06622728225723762,0.09208215394666297
45301.375,810000.0,01/10/2024,2.0698996301339885,0.07284875944013436,0.10124984850793695
45301.417969,813712.5216001645,01/10/2024,2.01673476919386,0.07284608565190354,0.10113094813656431
45301.457031,817087.4783998355,01/10/2024,1.96987349311813,0.06622024657487913,0.09178152540809137
45301.5,820800.0,01/10/2024,1.9236351661259885,0.07284120261494564,0.10099953319494759
45301.542969,824512.5216001645,01/10/2024,1.8803319695224223,0.07283871604581904,0.10099191629938886
45301.582031,827887.4783998355,01/10/2024,1.8424170476217805,0.0662137035289696,0.09161862879296123
45301.625,831600.0,01/10/2024,1.8047785636341915,0.07283417394300784,0.10031266162564734
45301.667969,835312.5216001645,01/10/2024,1.7687465366203314,0.07283186556018961,0.10072389614818889
45301.707031,838687.4783998355,01/10/2024,1.736728036908736,0.06620761917057649,0.09172612232728738
45301.75,842400.0,01/10/2024,1.7042527768887927,0.07282763834610151,0.1002929019585217
45301.792969,846112.5216001645,01/10/2024,1.6730086121566874,0.07282549157839568,0.10044965964111441
45301.832031,849487.4783998355,01/10/2024,1.6454153806503609,0.06620195724967814,0.09141519244477081
45301.875,853200.0,01/10/2024,1.6226951711823956,0.07282153920687762,0.09362175192451261
45301.917969,856912.5216001645,01/10/2024,1.6055468646484794,0.07281951531651032,0.08809782611821859
45301.957031,860287.4783998355,01/10/2024,1.593495632612334,0.06619665619503579,0.07645789196170583
45302.0,864000.0,01/11/2024,1.5829311201982632,0.07281585153980075,0.08169036771527871
45302.042969,867712.5216001645,01/11/2024,1.5743790938596671,0.07281399159543156,0.0798060219581096
45302.082031,871087.4783998355,01/11/2024,1.5688282828276163,0.06619175279625367,0.07017256724691734
45302.125,874800.0,01/11/2024,1.5638014118947687,0.07281059833170644,0.07635747313577212
45302.167969,878512.5216001645,01/11/2024,1.5593078490913195,0.07280886690869437,0.07588243361266578
45302.207031,881887.4783998355,01/11/2024,1.5581520191869513,0.06618720536485512,0.06592303820765011
45302.25,885600.0,01/11/2024,1.5564021223166549,0.07280570625963634,0.0731956066824857
45302.292969,889312.5216001645,01/11/2024,1.5556905390068732,0.0728041050293804,0.07222569360043352
45302.332031,892687.4783998355,01/11/2024,1.5560580148032281,0.06618297654538807,0.06452550507437849
45302.375,896400.0,01/11/2024,1.55698418129455,0.07280117043875833,0.07063500939718992
45302.417969,900112.5216001645,01/11/2024,1.5587222477418425,0.0727996787879448,0.06985161771670434
45302.457031,903487.4783998355,01/11/2024,1.5612072255905414,0.06617904085505799,0.0625240685646915
45302.5,907200.0,01/11/2024,1.5647178876775474,0.07279694527739267,0.06816628934260649
45302.542969,910912.5216001645,01/11/2024,1.5681893314261242,0.07279555330502419,0.06826411540164656
45302.582031,914287.4783998355,01/11/2024,1.5720267783565225,0.06617538611366314,0.06131794443686189
45302.625,918000.0,01/11/2024,1.5766894344174496,0.07279302280861444,0.06717037218069066
45302.667969,921712.5216001645,01/11/2024,1.5809321212159668,0.07279153132948579,0.06760885054096732
45302.707031,925087.4783998355,01/11/2024,1.5856549765715817,0.06617198935138902,0.060489138877581894
45302.75,928800.0,01/11/2024,1.5911845608735362,0.07278937435908972,0.06632979508936643
45302.792969,932512.5216001645,01/11/2024,1.596314971785203,0.07278816633719032,0.06675776023270785
45302.832031,935887.4783998355,01/11/2024,1.6008158363865501,0.06616882595210072,0.06079796620222666
45302.875,939600.0,01/11/2024,1.606402076724196,0.07278597624279826,0.06631974078831604
45302.917969,943312.5216001645,01/11/2024,1.6117608385325761,0.07278485410016344,0.06660609641366833
45302.957031,946687.4783998355,01/11/2024,1.61676007637577,0.06616588285100633,0.060346648989845875
45303.0,950400.0,01/12/2024,1.6223458386778784,0.0727828198629652,0.06636706178069574
45303.042969,954112.5216001645,01/12/2024,1.6281128440780561,0.07278177759790694,0.06620477617435583
45303.082031,957487.4783998355,01/12/2024,1.633421470083194,0.06616314725488692,0.060074524381981576
45303.125,961200.0,01/12/2024,1.6390194838717926,0.07277988285075665,0.06644187282505598
45303.167969,964912.5216001645,01/12/2024,1.6445837904987846,0.07277891257917801,0.06648461024704844
45303.207031,968287.4783998355,01/12/2024,1.6494277800781116,0.06616060568190818,0.060586620055261164
45303.25,972000.0,01/12/2024,1.6553142053829735,0.07277714995499807,0.06619072880059562
45303.292969,975712.5216001645,01/12/2024,1.6608265048368445,0.07277624903329283,0.06657395350007178
45303.332031,979087.4783998355,01/12/2024,1.666221917647217,0.06615824296315864,0.060092833589347805
45303.375,982800.0,01/12/2024,1.672421798193187,0.07277460648864675,0.06593472928966904
45303.417969,986512.5216001645,01/12/2024,1.6778631762356264,0.07277376697370741,0.06669239279565531
45303.457031,989887.4783998355,01/12/2024,1.683574792477498,0.06615604212405302,0.05984442855968908
45303.5,993600.0,01/12/2024,1.6895884579730076,0.072772241489929,0.06614857934245677
45303.542969,997312.5216001645,01/12/2024,1.6954836551888022,0.072771467194098,0.06628627295814837
45303.582031,1000687.4783998355,01/12/2024,1.7014837553818047,0.06615416869557933,0.05958407173674729
45303.625,1004400.0,01/12/2024,1.7078884379239065,0.0727700648291929,0.06578538516613364
45303.667969,1008112.5216001645,01/12/2024,1.7142152747218455,0.07276932145773785,0.06589248789344992
45303.707031,1011487.4783998355,01/12/2024,1.72049777847701,0.06615209307475922,0.059319591871425104
45303.75,1015200.0,01/12/2024,1.7270351151886443,0.07276799959545244,0.06569066560911807
45303.792969,1018912.5216001645,01/12/2024,1.7340378334113549,0.07276732927485341,0.06523461390357355
45303.832031,1022287.4783998355,01/12/2024,1.7402487244560438,0.06615032339124483,0.059419435332603854
45303.875,1026000.0,01/12/2024,1.7476303651070415,0.07276610291559038,0.06485446576982312
45303.917969,1029712.5216001645,01/12/2024,1.7545106387920022,0.07276547197982097,0.06538520144872706
45303.957031,1033087.4783998355,01/12/2024,1.7613204286122475,0.06614868020166753,0.05883889346343807
45304.0,1036800.0,01/13/2024,1.768652158259644,0.07276433481389333,0.06493260825903135
45304.042969,1040512.5216001645,01/13/2024,1.7755849567562514,0.0727637531521026,0.06533095721814774
45304.082031,1043887.4783998355,01/13/2024,1.7826777852793487,0.066147150382875,0.05857432405646179
45304.125,1047600.0,01/13/2024,1.7900761791479054,0.07276269112917788,0.06489430027178855
45304.167969,1051312.5216001645,01/13/2024,1.7975937549387258,0.072762152028929,0.06476457916646083
45304.207031,1054687.4783998355,01/13/2024,1.8045860678570875,0.06614572708360456,0.05869341738815592
45304.25,1058400.0,01/13/2024,1.8125094353134044,0.07276116501704166,0.06438780100378239
45304.292969,1062112.5216001645,01/13/2024,1.820096218575082,0.07276066079554155,0.06472388103981075
45304.332031,1065487.4783998355,01/13/2024,1.8267186520369494,0.06614440184068116,0.0590819710989976
45304.375,1069200.0,01/13/2024,1.8345964264429613,0.07275974286703502,0.06445197167399641
45304.417969,1072912.5216001645,01/13/2024,1.8427974379994838,0.07275927467731691,0.06412826614973
45304.457031,1076287.4783998355,01/13/2024,1.8492725865239308,0.06614316976129686,0.05924802390372719
45304.5,1080000.0,01/13/2024,1.8576877255362811,0.07275842083985395,0.06391328472654223
45304.542969,1083712.5216001645,01/13/2024,1.8650744682611604,0.07275798271145817,0.06498124299641361
45304.582031,1087087.4783998355,01/13/2024,1.872282181733743,0.06614202815098125,0.05853431727041425
45304.625,1090800.0,01/13/2024,1.8798276647743046,0.07275718916829987,0.06482170921237085
45304.667969,1094512.5216001645,01/13/2024,1.888160031260933,0.07275678386160678,0.06403442019687233
45304.707031,1097887.4783998355,01/13/2024,1.895521960010294,0.06614096093025523,0.05838903501267012
45304.75,1101600.0,01/13/2024,1.9029930794609249,0.07275604539821501,0.06492492906725644
45304.792969,1105312.5216001645,01/13/2024,1.9108832104875426,0.07275566933527244,0.06449554084892739
45304.832031,1108687.4783998355,01/13/2024,1.9181348510967262,0.06613997305857922,0.05853833507699946
45304.875,1112400.0,01/13/2024,1.9260996895436837,0.07275498236281308,0.06443014633047639
45304.917969,1116112.5216001645,01/13/2024,1.9339192480697855,0.07275463347489719,0.06459507760885685
45304.957031,1119487.4783998355,01/13/2024,1.9404162047105986,0.06613905117573182,0.05929209702820515
45305.0,1123200.0,01/14/2024,1.94910299985276,0.07275399283522788,0.06372720013733613
45305.042969,1126912.5216001645,01/14/2024,1.9563694919275472,0.07275366715907694,0.06514717801902492
45305.082031,1130287.4783998355,01/14/2024,1.9636394624196858,0.06613819415781919,0.058528226078831125
45305.125,1134000.0,01/14/2024,1.971654926814018,0.07275307338138504,0.06441761223934606
45305.167969,1137712.5216001645,01/14/2024,1.9795356144611866,0.07275277166746719,0.0645420869517821
45305.207031,1141087.4783998355,01/14/2024,1.9859785736017375,0.06613739728388524,0.05937444073033049
45305.25,1144800.0,01/14/2024,1.9940288765861789,0.07275221901893403,0.06438191896629064
45305.292969,1148512.5216001645,01/14/2024,2.001269980253669,0.07275193712514394,0.06519083607502196
45305.332031,1151887.4783998355,01/14/2024,2.0081649775685997,0.0661366574252682,0.05893166279491879
45305.375,1155600.0,01/14/2024,2.016068305490382,0.0727514226263537,0.06454809765006075
45305.417969,1159312.5216001645,01/14/2024,2.0239554126382338,0.07275116086064415,0.06455405714715212
45305.457031,1162687.4783998355,01/14/2024,2.03059900530767,0.06613596831469692,0.059192378257119316
45305.5,1166400.0,01/14/2024,2.0382876267961643,0.07275068315845346,0.06477206407253533
45305.542969,1170112.5216001645,01/14/2024,2.045795349305697,0.0727504390499405,0.06495271911539291
45305.582031,1173487.4783998355,01/14/2024,2.0528478996001893,0.06613532621392793,0.058782778440022554
45305.625,1177200.0,01/14/2024,2.0604428576161853,0.07274999282551775,0.06486503775658647
45305.667969,1180912.5216001645,01/14/2024,2.0673545030307032,0.0727497671332209,0.065548124710336
45305.707031,1184287.4783998355,01/14/2024,2.0747041678598888,0.06613473091810818,0.05850506870565653
45305.75,1188000.0,01/14/2024,2.0816069670083652,0.07274935295532714,0.06556655650680554
45305.792969,1191712.5216001645,01/14/2024,2.0894481683680324,0.07274914238907115,0.0646279438425772
45305.832031,1195087.4783998355,01/14/2024,2.095831766399792,0.06613417693925072,0.05947058148003137
45305.875,1198800.0,01/14/2024,2.103153561696044,0.0727487580891939,0.06516696549859446
45305.917969,1202512.5216001645,01/14/2024,2.110454459896573,0.07274856178484512,0.06517766649615098
45305.957031,1205887.4783998355,01/14/2024,2.1166938666183825,0.06613366124904019,0.05962425768675672
45306.0,1209600.0,01/15/2024,2.124283471268423,0.072748204569141,0.06489860347709353
45306.042969,1213312.5216001645,01/15/2024,2.1316878288352537,0.0727480216969063,0.06507366708335027
45306.082031,1216687.4783998355,01/15/2024,2.138118659162754,0.06613318117104683,0.05944235310727919
45306.125,1220400.0,01/15/2024,2.1454637482460814,0.07274768887901573,0.06514260243856995
45306.167969,1224112.5216001645,01/15/2024,2.152835663174282,0.07274751906887644,0.06511560689034823
45306.207031,1227487.4783998355,01/15/2024,2.1591075220383047,0.0661327344474536,0.05961087773116702
45306.25,1231200.0,01/15/2024,2.166537820816319,0.07274720931030387,0.06506691308688772
45306.292969,1234912.5216001645,01/15/2024,2.173407701827373,0.07274705136314097,0.06563717324093332
45306.332031,1238287.4783998355,01/15/2024,2.180171132633729,0.06613232057549467,0.05912889224729412
45306.375,1242000.0,01/15/2024,2.187063111284094,0.07274676351576659,0.06561478721137348
45306.417969,1245712.5216001645,01/15/2024,2.1943955843359317,0.07274661769014656,0.0651841471526815
45306.457031,1249087.4783998355,01/15/2024,2.2008816734165904,0.06613193428753661,0.0594258477657128
45306.5,1252800.0,01/15/2024,2.2083409676121994,0.07274634938118396,0.06505705836840647
45306.542969,1256512.5216001645,01/15/2024,2.2151927192905867,0.07274621292938477,0.06567446465229665
45306.582031,1259887.4783998355,01/15/2024,2.221751103002478,0.06613157539880277,0.05934319441246316
45306.625,1263600.0,01/15/2024,2.228496509261404,0.07274596412240797,0.06578056050124204
45306.667969,1267312.5216001645,01/15/2024,2.2357197436632474,0.07274583714008998,0.06531260568142727
45306.707031,1270687.4783998355,01/15/2024,2.2421876624326686,0.0661312420856568,0.05944332607609226
45306.75,1274400.0,01/15/2024,2.2492023649101873,0.07274560555876164,0.0655209056584809
45306.792969,1278112.5216001645,01/15/2024,2.2559265969852396,0.07274548740658915,0.06581125775489838
45306.832031,1281487.4783998355,01/15/2024,2.262561626925406,0.06613093148612137,0.05928590381428123
45306.875,1285200.0,01/15/2024,2.2693909350677894,0.07274527199330905,0.06572596721642654
45306.917969,1288912.5216001645,01/15/2024,2.2762279858910146,0.07274516225576733,0.06570811411150856
45306.957031,1292287.4783998355,01/15/2024,2.2824628617749783,0.06613064300045934,0.05969576909773977
45307.0,1296000.0,01/16/2024,2.289348761027991,0.0727449617665421,0.06565906539395172
45307.042969,1299712.5216001645,01/16/2024,2.296008907799865,0.07274485971188938,0.06588471544632313
45307.082031,1303087.4783998355,01/16/2024,2.30164621506842,0.06613037432980562,0.060293069380009
45307.125,1306800.0,01/16/2024,2.3089587700190712,0.07274467368669235,0.06524212176486799
45307.167969,1310512.5216001645,01/16/2024,2.315409779698457,0.07274457801667467,0.0661035712004967
45307.207031,1313887.4783998355,01/16/2024,2.321531227228686,0.0661301246280992,0.059818679399342045
45307.25,1317600.0,01/16/2024,2.328208842240451,0.07274440495503143,0.0658767923697603
45307.292969,1321312.5216001645,01/16/2024,2.3350963675952476,0.0727443167211419,0.06566679415448462
45307.332031,1324687.4783998355,01/16/2024,2.3412206373004882,0.06612989205579822,0.059815624329129236
45307.375,1328400.0,01/16/2024,2.3477811023460107,0.07274415548157265,0.06600369264279138
45307.417969,1332112.5216001645,01/16/2024,2.3541643390338645,0.07274407331860289,0.06618083931871865
45307.457031,1335487.4783998355,01/16/2024,2.360535363525397,0.06612967603039621,0.05957865364474202
45307.5,1339200.0,01/16/2024,2.3671332074569698,0.07274392331970247,0.06597608190413595
45307.542969,1342912.5216001645,01/16/2024,2.373458166754018,0.07274384689028324,0.06624888983532529
45307.582031,1346287.4783998355,01/16/2024,2.3794482069471865,0.06612947518846113,0.05995943725964281
45307.625,1350000.0,01/16/2024,2.3856385356412275,0.0727437078434896,0.0663833815002377
45307.667969,1353712.5216001645,01/16/2024,2.392406396460338,0.07274363690803298,0.06579577809076298
45307.707031,1357087.4783998355,01/16/2024,2.39831669307358,0.06612928785606087,0.06004899362959648
45307.75,1360800.0,01/16/2024,2.404460634128486,0.07274350697375809,0.06642956834484082
45307.792969,1364512.5216001645,01/16/2024,2.4105167407823167,0.07274344104058983,0.06651733664890713
45307.832031,1367887.4783998355,01/16/2024,2.4169088988263,0.066129114506559,0.05957695856195144
45307.875,1371600.0,01/16/2024,2.4232875824241433,0.07274332038268128,0.06620463856874181
45307.917969,1375312.5216001645,01/16/2024,2.4290735778083543,0.0727432587201271,0.06678726596078377
45307.957031,1378687.4783998355,01/16/2024,2.434888405070789,0.06612895281789477,0.06015412777436424
45308.0,1382400.0,01/17/2024,2.4418652398059604,0.07274314698925366,0.06560631449364607
45308.042969,1386112.5216001645,01/17/2024,2.447356761462281,0.07274308943634722,0.06708156957427036
45308.082031,1389487.4783998355,01/17/2024,2.452863837882078,0.06612880233844365,0.06046172816349582
45308.125,1393200.0,01/17/2024,2.4592090731116776,0.07274298524487222,0.06622775192263575
45308.167969,1396912.5216001645,01/17/2024,2.4652470950175767,0.07274293191818515,0.06654491263252638
45308.207031,1400287.4783998355,01/17/2024,2.471055423109746,0.06612866265797379,0.06016033683522792
45308.25,1404000.0,01/17/2024,2.4766856661825947,0.07274283488603217,0.06695259434905054
45308.292969,1407712.5216001645,01/17/2024,2.4829905851489777,0.07274278556455727,0.0662778686840042
45308.332031,1411087.4783998355,01/17/2024,2.4886390583018856,0.06612853241929173,0.060330061318150996
45308.375,1414800.0,01/17/2024,2.49493283839079,0.07274269509500542,0.06629891785184583
45308.417969,1418512.5216001645,01/17/2024,2.500600616929875,0.07274264911621842,0.06692487310546369
45308.457031,1421887.4783998355,01/17/2024,2.5060013276518913,0.06612841146196402,0.06057770276039065
45308.5,1425600.0,01/17/2024,2.5121073235991265,0.07274256526971001,0.06648657194774188
45308.542969,1429312.5216001645,01/17/2024,2.5181220694652664,0.07274252235821166,0.06658777884817368
45308.582031,1432687.4783998355,01/17/2024,2.5234334801366227,0.06612829887750138,0.060666890242004
45308.625,1436400.0,01/17/2024,2.529471452815269,0.0727424443732474,0.06656447409822874
45308.667969,1440112.5216001645,01/17/2024,2.5353074115119147,0.07274240461328318,0.06675644830314553
45308.707031,1443487.4783998355,01/17/2024,2.5406985379476605,0.06612819419202154,0.06058707000078556
45308.75,1447200.0,01/17/2024,2.546601694720288,0.07274233186939227,0.06670917774886931
45308.792969,1450912.5216001645,01/17/2024,2.5526243927484535,0.07274229501614826,0.06657959944104164
45308.832031,1454287.4783998355,01/17/2024,2.557794446978378,0.06612809686684429,0.060818044517112924
45308.875,1458000.0,01/17/2024,2.563524860641713,0.07274222742256242,0.06687181593544267
45308.917969,1461712.5216001645,01/17/2024,2.568847113286805,0.07274219288268569,0.06727994306444884
45308.957031,1465087.4783998355,01/17/2024,2.5747414695213386,0.06612800639605254,0.06009365193255434
45309.0,1468800.0,01/18/2024,2.5799310407231193,0.07274213007369568,0.06741256154219855
45309.042969,1472512.5216001645,01/18/2024,2.5856799249908793,0.07274209814419663,0.06686321651677218
45309.082031,1475887.4783998355,01/18/2024,2.5901394554284884,0.06612792224099806,0.06153839434018238
45309.125,1479600.0,01/18/2024,2.5966421296198026,0.07274203985242877,0.06610936798704614
45309.167969,1483312.5216001645,01/18/2024,2.6017976828515046,0.07274200986217139,0.06745645939994915
45309.207031,1486687.4783998355,01/18/2024,2.607120641057862,0.06612784393150406,0.06067488766702667
45309.25,1490400.0,01/18/2024,2.612791742352347,0.07274195556175655,0.06694085668582517
45309.292969,1494112.5216001645,01/18/2024,2.6179409450035194,0.07274192781147804,0.0674627276163875
45309.332031,1497487.4783998355,01/18/2024,2.6233761889744756,0.06612777093929623,0.060572529019864874
45309.375,1501200.0,01/18/2024,2.62798830490915,0.07274187733332838,0.06800976340932863
45309.417969,1504912.5216001645,01/18/2024,2.634127501110805,0.07274185162253488,0.06647265745061048
45309.457031,1508287.4783998355,01/18/2024,2.639116517607839,0.06612770318386652,0.061018688477147975
45309.5,1512000.0,01/18/2024,2.6443163776346137,0.07274180456014534,0.0674219468782411
45309.542969,1515712.5216001645,01/18/2024,2.6500236370922434,0.07274178063827819,0.06691452373122786
45309.582031,1519087.4783998355,01/18/2024,2.6548254780542577,0.06612764020002615,0.06120580150086141
45309.625,1522800.0,01/18/2024,2.6603298572933767,0.07274173688382746,0.06711736015751057
45309.667969,1526512.5216001645,01/18/2024,2.6657358506381685,0.07274171461229884,0.06721572324482139
45309.707031,1529887.4783998355,01/18/2024,2.6708940337502147,0.06612758160465404,0.06084940026256902
45309.75,1533600.0,01/18/2024,2.6758818500739396,0.07274167388253261,0.06763386018581485
45309.792969,1537312.5216001645,01/18/2024,2.6811595043174847,0.07274165317747716,0.06735400106305178
45309.832031,1540687.4783998355,01/18/2024,2.6862817724497,0.06612752714251613,0.06089526087441044
45309.875,1544400.0,01/18/2024,2.691898004068301,0.07274161529223733,0.06701538597733503
45309.917969,1548112.5216001645,01/18/2024,2.6969166674635723,0.07274159598391705,0.06761293515518219
45309.957031,1551487.4783998355,01/18/2024,2.702094309652984,0.0661274763407107,0.060839835972856804
45310.0,1555200.0,01/19/2024,2.7075498223246024,0.07274156078611682,0.06717604992476112
45310.042969,1558912.5216001645,01/19/2024,2.712686789600083,0.07274154288641554,0.06750457778543506
45310.082031,1562287.4783998355,01/19/2024,2.717839303543748,0.06612742920430037,0.060864917388073536
45310.125,1566000.0,01/19/2024,2.722688038656724,0.07274151012802221,0.06779277736409028
45310.167969,1569712.5216001645,01/19/2024,2.728124728882933,0.07274149351018622,0.06720480532986528
45310.207031,1573087.4783998355,01/19/2024,2.733001729791086,0.06612738533418394,0.061150386521333644
45310.25,1576800.0,01/19/2024,2.738234071600744,0.0727414630542782,0.06740912383439479
45310.292969,1580512.5216001645,01/19/2024,2.743610350228482,0.0727414476042405,0.0672551714771572
45310.332031,1583887.4783998355,01/19/2024,2.747928265086393,0.06612734452719238,0.06170943201265544
45310.375,1587600.0,01/19/2024,2.7529665263060052,0.07274141929396905,0.06760315991738963
45310.417969,1591312.5216001645,01/19/2024,2.7588138619602876,0.07274140489289493,0.06678407086139515
45310.457031,1594687.4783998355,01/19/2024,2.7631280566661185,0.06612730662784827,0.06171311376525779
45310.5,1598400.0,01/19/2024,2.768243965303907,0.07274137854587792,0.0675254715361504
45310.542969,1602112.5216001645,01/19/2024,2.77365591296845,0.0727413651079516,0.06722942010194544
45310.582031,1605487.4783998355,01/19/2024,2.777738357357058,0.06612727132174712,0.061944828851949296
45310.625,1609200.0,01/19/2024,2.783003173335288,0.07274134063639082,0.0673765264877062
45310.667969,1612912.5216001645,01/19/2024,2.788258195074616,0.07274132816457524,0.06738630896567344
45310.707031,1616287.4783998355,01/19/2024,2.7931680603461775,0.06612723852022384,0.06111737529065664
45310.75,1620000.0,01/19/2024,2.797985918341968,0.07274130531570222,0.06782344955526298
45310.792969,1623712.5216001645,01/19/2024,2.803398912157499,0.07274129376661875,0.06722830216396147
45310.832031,1627087.4783998355,01/19/2024,2.8074446476852435,0.0661272079574573,0.06198147419500799
45310.875,1630800.0,01/19/2024,2.8129560517690484,0.07274127258251895,0.06713987096224372
45310.917969,1634512.5216001645,01/19/2024,2.817769616556163,0.07274126177196649,0.06782769893913354
45310.957031,1637887.4783998355,01/19/2024,2.8221963274466235,0.06612717958402925,0.06161047067499226
45311.0,1641600.0,01/20/2024,2.8272038200955887,0.07274124208796451,0.06764375182666527
45311.042969,1645312.5216001645,01/20/2024,2.831873479744949,0.07274123208364358,0.06798157449284048
45311.082031,1648687.4783998355,01/20/2024,2.836471673048023,0.06612715322433615,0.06142896197604841
45311.125,1652400.0,01/20/2024,2.8412253020403684,0.0727412137475767,0.06789758650910471
45311.167969,1656112.5216001645,01/20/2024,2.8465085865912862,0.07274120444941445,0.06736792268360858
45311.207031,1659487.4783998355,01/20/2024,2.850849904126123,0.06612712863407211,0.06169581291278092
45311.25,1663200.0,01/20/2024,2.8555144632183675,0.07274118734178359,0.06798663084120449
45311.292969,1666912.5216001645,01/20/2024,2.86078719751043,0.0727411786972425,0.0673784463471847
45311.332031,1670287.4783998355,01/20/2024,2.864993931987113,0.06612710579572934,0.06183037353594756
45311.375,1674000.0,01/20/2024,2.8698120569593275,0.07274116282375331,0.06783303968246912
45311.417969,1677712.5216001645,01/20/2024,2.8741409913638116,0.07274115474176313,0.06833222259734839
45311.457031,1681087.4783998355,01/20/2024,2.8787755947577605,0.06612708458844452,0.06140248315306707
45311.5,1684800.0,01/20/2024,2.883463794574008,0.07274113999894638,0.06796294230117894
45311.542969,1688512.5216001645,01/20/2024,2.888339838056467,0.07274113248139003,0.06778509130419508
45311.582031,1691887.4783998355,01/20/2024,2.8924126224704882,0.06612706476914099,0.06196428208174609
45311.625,1695600.0,01/20/2024,2.8968664391801067,0.07274111875079825,0.06819730409686287
45311.667969,1699312.5216001645,01/20/2024,2.9015204043246023,0.07274111178691811,0.06799714900210319
45311.707031,1702687.4783998355,01/20/2024,2.9056777099123448,0.06612704640769351,0.06187974246016381
45311.75,1706400.0,01/20/2024,2.910453384609446,0.07274109904673054,0.06787542641134081
45311.792969,1710112.5216001645,01/20/2024,2.9147516034540333,0.07274109254884564,0.06835287540076962
45311.832031,1713487.4783998355,01/20/2024,2.9188690663775776,0.06612702931233372,0.0619295683550547
45311.875,1717200.0,01/20/2024,2.923590282742365,0.07274108066763318,0.06793986702736987
45311.917969,1720912.5216001645,01/20/2024,2.928104149980436,0.07274107463437929,0.06814720955591014
45311.957031,1724287.4783998355,01/20/2024,2.9324332430692346,0.06612701341926908,0.06171792246426833
45312.0,1728000.0,01/21/2024,2.9369349160538833,0.07274106358507026,0.06815939230781964
45312.042969,1731712.5216001645,01/21/2024,2.9416445349238147,0.07274105798073549,0.06795144123037744
45312.082031,1735087.4783998355,01/21/2024,2.9458220302132654,0.06612699861758387,0.061869505085972776
45312.125,1738800.0,01/21/2024,2.950045105773222,0.0727410476804522,0.06843797427804788
45312.167969,1742512.5216001645,01/21/2024,2.9548340332961294,0.07274104249733426,0.06787211693689699
45312.207031,1745887.4783998355,01/21/2024,2.95871302280164,0.0661269848792827,0.06216799716305843
45312.25,1749600.0,01/21/2024,2.9633247207762405,0.07274103292894551,0.06804933761164023
45312.292969,1753312.5216001645,01/21/2024,2.967664988015035,0.07274102808919025,0.06832076340415227
45312.332031,1756687.4783998355,01/21/2024,2.9718768022103155,0.06612697208687024,0.061835159864678246
45312.375,1760400.0,01/21/2024,2.9764312373817985,0.07274101918305576,0.06810658612717191
45312.417969,1764112.5216001645,01/21/2024,2.9805848322469646,0.07274101468968297,0.06850742167824109
45312.457031,1767487.4783998355,01/21/2024,2.984493018827595,0.06612696019663389,0.06213877505477683
45312.5,1771200.0,01/21/2024,2.9889884176563375,0.07274100640932346,0.06816560945777184
45312.542969,1774912.5216001645,01/21/2024,2.9938408694091336,0.07274100221025037,0.06780855201101588
45312.582031,1778287.4783998355,01/21/2024,2.997664125848048,0.06612694911026296,0.06223369485116592
45312.625,1782000.0,01/21/2024,3.001691655875995,0.07274099451316118,0.0686434670870284
45312.667969,1785712.5216001645,01/21/2024,3.006034210951967,0.07274099065130457,0.06832843811203304
45312.707031,1789087.4783998355,01/21/2024,3.010079006245363,0.06612693883714371,0.06201214542701905
45312.75,1792800.0,01/21/2024,3.014386662070072,0.07274098346058366,0.0683633299605404
45312.792969,1796512.5216001645,01/21/2024,3.01821929079945,0.0727409798417682,0.06883835291061757
45312.832031,1799887.4783998355,01/21/2024,3.0227049998408435,0.06612692926577068,0.06157122259588732
45312.875,1803600.0,01/21/2024,3.0269020298305693,0.07274097316668104,0.06847394507229865
45312.917969,1807312.5216001645,01/21/2024,3.0307189991463637,0.07274096980272304,0.06885400254548557
45312.957031,1810687.4783998355,01/21/2024,3.0347654968500173,0.06612692035801615,0.06201042409217905
45313.0,1814400.0,01/22/2024,3.0390743365871984,0.07274096362051807,0.0683621259891396
45313.042969,1818112.5216001645,01/22/2024,3.0427685851870634,0.07274096049252421,0.06897671495901392
45313.082031,1821487.4783998355,01/22/2024,3.0467751991019036,0.06612691209222987,0.06205030111461696
45313.125,1825200.0,01/22/2024,3.050861917462975,0.07274095471420594,0.06858423938476221
45313.167969,1828912.5216001645,01/22/2024,3.054780776590733,0.07274095181048779,0.06875209578063135
45313.207031,1832287.4783998355,01/22/2024,3.058919359135223,0.06612690437022906,0.06192832492352096
45313.25,1836000.0,01/22/2024,3.063105948368012,0.07274094644169082,0.06848436071184949
45313.292969,1839712.5216001645,01/22/2024,3.0667611682033358,0.07274094373848072,0.06901572702441428
45313.332031,1843087.4783998355,01/22/2024,3.070191481850699,0.06612689720557086,0.06262658612249794
45313.375,1846800.0,01/22/2024,3.0747166487067292,0.07274093874725907,0.0681457748502794
45313.417969,1850512.5216001645,01/22/2024,3.078056612561263,0.07274093623694,0.06934097521903482
45313.457031,1853887.4783998355,01/22/2024,3.081912886416828,0.06612689054752963,0.06221061929191052
45313.5,1857600.0,01/22/2024,3.0856910930159653,0.07274093158770967,0.0689027272678544
45313.542969,1861312.5216001645,01/22/2024,3.0894602004096305,0.0727409292640715,0.06891182454666023
45313.582031,1864687.4783998355,01/22/2024,3.092994817040936,0.06612688434133673,0.06253227043330867
45313.625,1868400.0,01/22/2024,3.097069439432782,0.0727409249328872,0.06860630504923648
45313.667969,1872112.5216001645,01/22/2024,3.100529014532402,0.07274092276674082,0.06922135097266846
45313.707031,1875487.4783998355,01/22/2024,3.103956570554335,0.06612687858081756,0.06263932529390104
45313.75,1879200.0,01/22/2024,3.1081363807881783,0.07274091874351996,0.06850111170383855
45313.792969,1882912.5216001645,01/22/2024,3.1118803020859507,0.07274091673010474,0.06893699868165726
45313.832031,1886287.4783998355,01/22/2024,3.115261110373064,0.06612687321285904,0.06268606761575768
45313.875,1890000.0,01/22/2024,3.1187243164888945,0.07274091297951912,0.06921770956297735
45313.917969,1893712.5216001645,01/22/2024,3.122437904037543,0.072740911117954,0.06896732583722098
45313.957031,1897087.4783998355,01/22/2024,3.1256298047129283,0.06612686823496716,0.06287496984563745
45314.0,1900800.0,01/23/2024,3.12956801953417,0.07274090762843599,0.06874269568474034
45314.042969,1904512.5216001645,01/23/2024,3.13375543927109,0.07274090588695259,0.06849348869084082
45314.082031,1907887.4783998355,01/23/2024,3.136591672757504,0.06612686358377573,0.06323063266572149
45314.125,1911600.0,01/23/2024,3.1401833716823266,0.07274090264807853,0.06909920644983458
45314.167969,1915312.5216001645,01/23/2024,3.144215262667117,0.07274090103440756,0.0686490130495585
45314.207031,1918687.4783998355,01/23/2024,3.1469070025721817,0.06612685927474615,0.06338512185245548
45314.25,1922400.0,01/23/2024,3.150678782567303,0.0727408980160007,0.06890912130638327
45314.292969,1926112.5216001645,01/23/2024,3.154428175246454,0.07274089651197357,0.0689315066675249
45314.332031,1929487.4783998355,01/23/2024,3.1573926445691076,0.0661268552624037,0.06310238828537251
45314.375,1933200.0,01/23/2024,3.1606304740122195,0.07274089369976622,0.06944306716190596
45314.417969,1936912.5216001645,01/23/2024,3.1644374068503183,0.07274089231398051,0.0688739620621206
45314.457031,1940287.4783998355,01/23/2024,3.167379149919698,0.06612685153640285,0.06313511108697867
45314.5,1944000.0,01/23/2024,3.1708602864274154,0.07274088969445103,0.06919975605890016
45314.542969,1947712.5216001645,01/23/2024,3.174636107733615,0.07274088840346593,0.06890507011667779
45314.582031,1951087.4783998355,01/23/2024,3.177441251668297,0.06612684806222546,0.06326170667519193
45314.625,1954800.0,01/23/2024,3.180970827341491,0.07274088596331296,0.06916131338173415
45314.667969,1958512.5216001645,01/23/2024,3.1840557378612133,0.07274088476319918,0.06959597709504095
45314.707031,1961887.4783998355,01/23/2024,3.1872798873543298,0.06612684483389586,0.06285269797269422
45314.75,1965600.0,01/23/2024,3.1925899153138237,0.0727408755018999,0.06738100487599752
45314.792969,1969312.5216001645,01/23/2024,3.174091583792313,0.07274006345627271,0.09118859596200224
45314.832031,1972687.4783998355,01/23/2024,3.1509937105624375,0.06612627490041945,0.07915437053515006
45314.875,1976400.0,01/23/2024,2.6468731869223108,0.07274157800188163,0.09737225567285179
45314.917969,1980112.5216001645,01/23/2024,2.345652388821409,0.07274083196288927,0.10557172391177261
45314.957031,1983487.4783998355,01/23/2024,2.152789631088202,0.0661268572590501,0.09424964700227179
45315.0,1987200.0,01/24/2024,2.012215144045075,0.07274091434316432,0.1026354171483348
45315.042969,1990912.5216001645,01/24/2024,1.9025373006209243,0.07274081791623388,0.10244866518831941
45315.082031,1994287.4783998355,01/24/2024,1.8160177582810948,0.06612712593168624,0.0928966757689551
45315.125,1998000.0,01/24/2024,1.7406200793356752,0.07274066042328542,0.10213834267913313
45315.167969,2001712.5216001645,01/24/2024,1.675252674998053,0.07274087236183391,0.10201827936008812
45315.207031,2005087.4783998355,01/24/2024,1.6210424093955749,0.06612683407988129,0.0920071011407444
45315.25,2008800.0,01/24/2024,1.570302955419073,0.07274067426840247,0.10133013033717475
45315.292969,2012512.5216001645,01/24/2024,1.5238866158401225,0.07274086957242076,0.10140721120836815
45315.332031,2015887.4783998355,01/24/2024,1.4840997365878326,0.0661268318438033,0.0920237131790742
45315.375,2019600.0,01/24/2024,1.4451631027176743,0.07274086854349804,0.1011375040901612
45315.417969,2023312.5216001645,01/24/2024,1.4089442343842484,0.07274086777419342,0.10114973850710385
45315.457031,2026687.4783998355,01/24/2024,1.3776452497075864,0.0661268297455706,0.09177581648395972
45315.5,2030400.0,01/24/2024,1.3458435623086755,0.07274086628861909,0.1007925572713404
45315.542969,2034112.5216001645,01/24/2024,1.3223092245006374,0.07274086556350312,0.09331520820717998
45315.582031,2037487.4783998355,01/24/2024,1.3067656993246275,0.06612682777758039,0.07883035711076758
45315.625,2041200.0,01/24/2024,1.294236737050714,0.07274086417051251,0.08264983100885104
45315.667969,2044912.5216001645,01/24/2024,1.2841908499121777,0.07274086351187492,0.08032675516706433
45315.707031,2048287.4783998355,01/24/2024,1.2766386455022474,0.06612682595917363,0.0712690344631568
45315.75,2052000.0,01/24/2024,1.2711946362022952,0.07274086222301435,0.07589487603858913
45315.792969,2055712.5216001645,01/24/2024,1.266890702279012,0.07274086160900595,0.07490480019331613
45315.832031,2059087.4783998355,01/24/2024,1.2645474180302654,0.0661268242709312,0.0664401121479159
45315.875,2062800.0,01/24/2024,1.262278585548792,0.07274086041250172,0.07305969713635818
45315.917969,2066512.5216001645,01/24/2024,1.2622625297960428,0.07274085984182221,0.07091691991209359
45315.957031,2069887.4783998355,01/24/2024,1.2626227310916098,0.0661268227030547,0.06406662529645502
45316.0,2073600.0,01/25/2024,1.2641494556130932,0.07274085872366953,0.06956413823305496
45316.042969,2077312.5216001645,01/25/2024,1.2658826787148083,0.07274085819879872,0.06940763959468654
45316.082031,2080687.4783998355,01/25/2024,1.2679155780286893,0.06612682124486469,0.06255392529584469
45316.125,2084400.0,01/25/2024,1.2707468335477192,0.07274085716095158,0.06844960552786716
45316.167969,2088112.5216001645,01/25/2024,1.2741096427977778,0.07274085667544483,0.06790805076154527
45316.207031,2091487.4783998355,01/25/2024,1.2792056953035709,0.06612681989346214,0.0596107706990594
45316.25,2095200.0,01/25/2024,1.2834864244113948,0.07274085570469424,0.06710013021179151
45316.292969,2098912.5216001645,01/25/2024,1.2887949282360984,0.0727408552554536,0.0661123566703381
45316.332031,2102287.4783998355,01/25/2024,1.2940504923478078,0.06612681863170877,0.05960125913823333
45316.375,2106000.0,01/25/2024,1.300196977607194,0.07274085435305722,0.06537437482901964
45316.417969,2109712.5216001645,01/25/2024,1.3068303067333007,0.07274085393591179,0.06491753011781043
45316.457031,2113087.4783998355,01/25/2024,1.3129407774382917,0.06612681745961879,0.05887635144133441
45316.5,2116800.0,01/25/2024,1.3202209002193128,0.07274085309452971,0.06436073618765192
45316.542969,2120512.5216001645,01/25/2024,1.3273879078901127,0.07274085270822894,0.06452385069602684
45316.582031,2123887.4783998355,01/25/2024,1.3344816199365974,0.06612681637068363,0.05801310870745624
45316.625,2127600.0,01/25/2024,1.3425552669798946,0.07274085192238289,0.06368720979571663
45316.667969,2131312.5216001645,01/25/2024,1.3500129939489658,0.07274085156490884,0.06435312979215269
45316.707031,2134687.4783998355,01/25/2024,1.3572925106198683,0.06612681535573728,0.0579073032924029
45316.75,2138400.0,01/25/2024,1.365202775125753,0.07274085083203374,0.06392059147905371
45316.792969,2142112.5216001645,01/25/2024,1.3731206871615926,0.07274085050391932,0.06391294325140251
45316.832031,2145487.4783998355,01/25/2024,1.380364511064374,0.06612681441099966,0.058022994409746786
45316.875,2149200.0,01/25/2024,1.3886890285155928,0.07274084982066853,0.0635663365868595
45316.917969,2152912.5216001645,01/25/2024,1.3969232378846197,0.07274084951587412,0.06365664369186419
45316.957031,2156287.4783998355,01/25/2024,1.4041792866793967,0.06612681353486494,0.05804076808373537
45317.0,2160000.0,01/26/2024,1.4128120633115309,0.07274084888040022,0.0632880756024079
45317.042969,2163712.5216001645,01/26/2024,1.420980307265045,0.0727408485978458,0.0637926082808562
45317.082031,2167087.4783998355,01/26/2024,1.4286148386746884,0.06612681271941057,0.057722284792411926
45317.125,2170800.0,01/26/2024,1.4371508630245713,0.07274084800352654,0.06347482700593332
45317.167969,2174512.5216001645,01/26/2024,1.4451092379926944,0.07274084774445555,0.06404247605290436
45317.207031,2177887.4783998355,01/26/2024,1.453447869172678,0.06612681196227044,0.057058184227010145
45317.25,2181600.0,01/26/2024,1.4617123883201688,0.07274084718828533,0.06376633163888812
45317.292969,2185312.5216001645,01/26/2024,1.470637251820083,0.07274084694967797,0.06311598715203814
45317.332031,2188687.4783998355,01/26/2024,1.4780351803509242,0.06612681125633912,0.05804888612443193
45317.375,2192400.0,01/26/2024,1.4872453261379714,0.07274084643272971,0.06287070359832825
45317.417969,2196112.5216001645,01/26/2024,1.495494198380129,0.07274084620915033,0.06384197708072747
45317.457031,2199487.4783998355,01/26/2024,1.5034747898994412,0.0661268106013182,0.05753622162947636
45317.5,2203200.0,01/26/2024,1.5123907326731478,0.07274084572729578,0.06320490633698483
45317.542969,2206912.5216001645,01/26/2024,1.521132427164055,0.07274084552399529,0.0634191543276117
45317.582031,2210287.4783998355,01/26/2024,1.5290326455732095,0.06612680999074172,0.05766659506915062
45317.625,2214000.0,01/26/2024,1.5380636179462681,0.07274084507258038,0.06314987570763009
45317.667969,2217712.5216001645,01/26/2024,1.546749738857773,0.07274084488435051,0.0634947268618049
45317.707031,2221087.4783998355,01/26/2024,1.5549169058766323,0.06612680942373572,0.057429644996325635
45317.75,2224800.0,01/26/2024,1.563804493568946,0.07274084446255813,0.06331326003866877
45317.792969,2228512.5216001645,01/26/2024,1.5732868808323577,0.07274084428977545,0.06272845980092967
45317.832031,2231887.4783998355,01/26/2024,1.5816471121560571,0.06612680889566036,0.057256580341366714
45317.875,2235600.0,01/26/2024,1.5908411756284448,0.07274084389569424,0.06301678366450147
45317.917969,2239312.5216001645,01/26/2024,1.599555399055966,0.07274084373727163,0.06354662370263497
45317.957031,2242687.4783998355,01/26/2024,1.6080961088078434,0.06612680840441243,0.05707610135648622
45318.0,2246400.0,01/27/2024,1.617732560802707,0.07274084336807363,0.06261439445608374
45318.042969,2250112.5216001645,01/27/2024,1.62653921956333,0.07274084322234131,0.0634341875289337
45318.082031,2253487.4783998355,01/27/2024,1.6349470174621437,0.06612680794842163,0.05723901294512501
45318.125,2257200.0,01/27/2024,1.644346473886808,0.07274084287885785,0.06287138922594693
45318.167969,2260912.5216001645,01/27/2024,1.6536048083306647,0.07274084274475001,0.06302251162153993
45318.207031,2264287.4783998355,01/27/2024,1.6616037436199869,0.06612680752402156,0.05765787527441546
45318.25,2268000.0,01/27/2024,1.6714125530135675,0.07274084242339285,0.06247203656524647
45318.292969,2271712.5216001645,01/27/2024,1.6801291348131575,0.07274084230054711,0.06357426379923936
45318.332031,2275087.4783998355,01/27/2024,1.688867979647172,0.0661268071294927,0.05693796504071713
45318.375,2278800.0,01/27/2024,1.697701462488825,0.07274084199831066,0.06347736217124123
45318.417969,2282512.5216001645,01/27/2024,1.7060421446928968,0.0727408418863007,0.06401016299400908
45318.457031,2285887.4783998355,01/27/2024,1.7150166039918315,0.06612680676204263,0.05673235000152488
45318.5,2289600.0,01/27/2024,1.7243732752496292,0.07274084160435024,0.06296417352527328
45318.542969,2293312.5216001645,01/27/2024,1.7331428257304946,0.07274084150159865,0.06356129432494129
45318.582031,2296687.4783998355,01/27/2024,1.7414138111495934,0.06612680642065527,0.057455823551848084
45318.625,2300400.0,01/27/2024,1.750074825651291,0.0727408412368078,0.06368982996640682
45318.667969,2304112.5216001645,01/27/2024,1.7597718771016573,0.07274084114457935,0.06264379254285757
45318.707031,2307487.4783998355,01/27/2024,1.7677203456703463,0.06612680610270871,0.05779834063316258
45318.75,2311200.0,01/27/2024,1.7766222668085718,0.07274084089613098,0.06346892281878524
45318.792969,2314912.5216001645,01/27/2024,1.7857395773880764,0.07274084081212351,0.06327353272299518
45318.832031,2318287.4783998355,01/27/2024,1.7938782649482095,0.06612680580781216,0.057628121288963996
45318.875,2322000.0,01/27/2024,1.8025847819319294,0.0727408405788097,0.0636843270080476
45318.917969,2325712.5216001645,01/27/2024,1.811401586339143,0.07274084050225582,0.06358403942765989
45318.957031,2329087.4783998355,01/27/2024,1.8192607048241998,0.06612680553282502,0.05793769012533545
45319.0,2332800.0,01/28/2024,1.8282503035116653,0.07274084028376393,0.06341124498261053
45319.042969,2336512.5216001645,01/28/2024,1.8361754929332297,0.07274084021488392,0.06448565426473607
45319.082031,2339887.4783998355,01/28/2024,1.8446578465202745,0.06612680527776149,0.05731445404668278
45319.125,2343600.0,01/28/2024,1.8534082445251205,0.07274084000934522,0.06366044471698729
45319.167969,2347312.5216001645,01/28/2024,1.8617870139270911,0.07274083994694536,0.0640320740321485
45319.207031,2350687.4783998355,01/28/2024,1.869569420568061,0.066126805039886,0.058024401494819244
45319.25,2354400.0,01/28/2024,1.8780901045501817,0.07274083975422485,0.06391015792943477
45319.292969,2358112.5216001645,01/28/2024,1.8865287907250834,0.07274083969829093,0.06399215620424314
45319.332031,2361487.4783998355,01/28/2024,1.893879930129382,0.06612680481889299,0.0584656675539037
45319.375,2365200.0,01/28/2024,1.9022403506630243,0.07274083951695332,0.06408042218146193
45319.417969,2368912.5216001645,01/28/2024,1.910641408424373,0.07274083946702348,0.06402978393553838
45319.457031,2372287.4783998355,01/28/2024,1.9185759477044226,0.06612680461319087,0.05788226835367993
45319.5,2376000.0,01/28/2024,1.9267551207785463,0.07274083929596031,0.06427166947958796
45319.542969,2379712.5216001645,01/28/2024,1.9348882265371667,0.07274083925134534,0.06430773640613552
45319.582031,2383087.4783998355,01/28/2024,1.9424828061044122,0.06612680442204066,0.05825222738899072
45319.625,2386800.0,01/28/2024,1.950486897847727,0.07274083909069162,0.06445675054366973
45319.667969,2390512.5216001645,01/28/2024,1.9587207135341043,0.07274083905095097,0.0642170259740169
45319.707031,2393887.4783998355,01/28/2024,1.9660072229863976,0.06612680424422734,0.058550297321282585
45319.75,2397600.0,01/28/2024,1.974406196413228,0.07274083889949878,0.0640618683143046
45319.792969,2401312.5216001645,01/28/2024,1.9817062179232816,0.07274083886473193,0.06516081991639311
45319.832031,2404687.4783998355,01/28/2024,1.9893070016291614,0.0661268040788272,0.05825602316719625
45319.875,2408400.0,01/28/2024,1.997559310934247,0.07274083872192705,0.06422853189801003
45319.917969,2412112.5216001645,01/28/2024,2.0050931299940538,0.07274083869114634,0.06492702207798118
45319.957031,2415487.4783998355,01/28/2024,2.0119758545889557,0.06612680392488102,0.05898408185179704
45320.0,2419200.0,01/29/2024,2.0203403386549255,0.07274083855694613,0.06411635737582344
45320.042969,2422912.5216001645,01/29/2024,2.0280650376847156,0.07274083853027946,0.0647561417437359
45320.082031,2426287.4783998355,01/29/2024,2.035072112698705,0.06612680378170666,0.05887973161306803
45320.125,2430000.0,01/29/2024,2.043270762311782,0.07274083840309942,0.0642821917043932
45320.167969,2433712.5216001645,01/29/2024,2.050746302407554,0.072740838380291,0.06501530076181439
45320.207031,2437087.4783998355,01/29/2024,2.058093611907834,0.06612680364859358,0.05852949666729046
45320.25,2440800.0,01/29/2024,2.066148912189358,0.07274083825993927,0.06444554073889464
45320.292969,2444512.5216001645,01/29/2024,2.0739788610476455,0.07274083824084698,0.06466089189698465
45320.332031,2447887.4783998355,01/29/2024,2.0807988438682785,0.06612680352476019,0.05906682283065834
45320.375,2451600.0,01/29/2024,2.089326472997474,0.07274083812694698,0.06397321158515012
45320.417969,2455312.5216001645,01/29/2024,2.0969245110692984,0.07274083811113741,0.06490280301969165
45320.457031,2458687.4783998355,01/29/2024,2.1037658025077333,0.06612680340958832,0.05905551480341842
45320.5,2462400.0,01/29/2024,2.1117459434537156,0.0727408380033907,0.06453069957008495
45320.542969,2466112.5216001645,01/29/2024,2.119545166092376,0.07274083799072883,0.06472161772433793
45320.582031,2469487.4783998355,01/29/2024,2.1264703032777725,0.06612680330237453,0.058971668845778424
45320.625,2473200.0,01/29/2024,2.134137142342879,0.07274083788831831,0.06484400143748559
45320.667969,2476912.5216001645,01/29/2024,2.1421322000091574,0.07274083787854835,0.06453578266870608
45320.707031,2480287.4783998355,01/29/2024,2.1486616826722758,0.06612680320301223,0.059397322752829496
45320.75,2484000.0,01/29/2024,2.1567995670039015,0.07274083778141716,0.06439295605765949
45320.792969,2487712.5216001645,01/29/2024,2.164034402795745,0.07274083777410567,0.06529600451511897
45320.832031,2491087.4783998355,01/29/2024,2.170878072824174,0.06612680311038588,0.05907313590076768
45320.875,2494800.0,01/29/2024,2.1784961105462846,0.07274083768191275,0.06492280240611592
45320.917969,2498512.5216001645,01/29/2024,2.1860565679676385,0.07274083767722317,0.064980382549372
45320.957031,2501887.4783998355,01/29/2024,2.1930570578863193,0.06612680302433915,0.058926315279855146
45321.0,2505600.0,01/30/2024,2.2001223348129457,0.07274083758938588,0.06547556297958579
45321.042969,2509312.5216001645,01/30/2024,2.2075167949884773,0.07274083758690608,0.06514638029954511
45321.082031,2512687.4783998355,01/30/2024,2.214373168408048,0.0661268029442752,0.05908043216219738
45321.125,2516400.0,01/30/2024,2.2215603951389666,0.07274083750328231,0.06535361363264514
45321.167969,2520112.5216001645,01/30/2024,2.229311048304854,0.0727408375030123,0.06480018725928005
45321.207031,2523487.4783998355,01/30/2024,2.2357302737455744,0.06612680286956163,0.05952757954651133
45321.25,2527200.0,01/30/2024,2.2430624997930066,0.0727408374232823,0.0652186144282112
45321.292969,2530912.5216001645,01/30/2024,2.250201429564973,0.07274083742500181,0.06541191008668079
45321.332031,2534287.4783998355,01/30/2024,2.256877225225782,0.06612680280034766,0.05927100952531816
45321.375,2538000.0,01/30/2024,2.2643822420474065,0.07274083734883874,0.06505582340520277
45321.417969,2541712.5216001645,01/30/2024,2.271251155605612,0.07274083735238435,0.06569192673962476
45321.457031,2545087.4783998355,01/30/2024,2.277723261935665,0.0661268027358588,0.059474698569374596
45321.5,2548800.0,01/30/2024,2.2849488223632246,0.07274083727963898,0.0653352793945885
45321.542969,2552512.5216001645,01/30/2024,2.2921897938236455,0.07274083728491831,0.06531986854809446
45321.582031,2555887.4783998355,01/30/2024,2.2982567726063463,0.06612680267592452,0.059889826052966555
45321.625,2559600.0,01/30/2024,2.3052380186312433,0.07274083721532065,0.06557959387014023
45321.667969,2563312.5216001645,01/30/2024,2.3123464843325467,0.07274083722214186,0.06546237362742602
45321.707031,2566687.4783998355,01/30/2024,2.3182816038891008,0.06612680262023218,0.06001168497039089
45321.75,2570400.0,01/30/2024,2.325349723440382,0.07274083715543611,0.06550271953897635
45321.792969,2574112.5216001645,01/30/2024,2.332264341307713,0.07274083716365709,0.06565622133107496
45321.832031,2577487.4783998355,01/30/2024,2.338503576670271,0.06612680256835546,0.05971756909857362
45321.875,2581200.0,01/30/2024,2.34531950958164,0.07274083709967272,0.06575490598275024
45321.917969,2584912.5216001645,01/30/2024,2.35191864192851,0.07274083710935031,0.06597170705862965
45321.957031,2588287.4783998355,01/30/2024,2.358618354962207,0.06612680252020198,0.059257091468083445
45322.0,2592000.0,01/31/2024,2.364734338578117,0.07274083704787415,0.06646485561889648
45322.042969,2595712.5216001645,01/31/2024,2.37172549003466,0.07274083705884493,0.0655896878234472
45322.082031,2599087.4783998355,01/31/2024,2.3775939848761833,0.0661268024753312,0.060098309561603
45322.125,2602800.0,01/31/2024,2.3842705504072135,0.07274083699966383,0.06590427367575558
45322.167969,2606512.5216001645,01/31/2024,2.3906851615767684,0.07274083701186385,0.06616622841749376
45322.207031,2609887.4783998355,01/31/2024,2.39672641003951,0.0661268024335584,0.059935555952726816
45322.25,2613600.0,01/31/2024,2.40325357048987,0.07274083695489253,0.06606367894138288
45322.292969,2617312.5216001645,01/31/2024,2.4095242534422,0.0727408369682081,0.06631015623266734
45322.332031,2620687.4783998355,01/31/2024,2.415432159372898,0.06612680239471302,0.06006889870415222
45322.375,2624400.0,01/31/2024,2.422013036226586,0.07274083691318367,0.06599996224438343
45322.417969,2628112.5216001645,01/31/2024,2.428360582774274,0.07274083692752242,0.06625329232726074
45322.457031,2631487.4783998355,01/31/2024,2.434274855372488,0.06612680235865298,0.06006253186698274
45322.5,2635200.0,01/31/2024,2.4401818845455647,0.07274083687440935,0.06668380964816123
45322.542969,2638912.5216001645,01/31/2024,2.446759595045238,0.07274083688980681,0.06601312853791086
45322.582031,2642287.4783998355,01/31/2024,2.452906089186186,0.06612680232512247,0.059830310467525294
45322.625,2646000.0,01/31/2024,2.458843615508284,0.0727408368383351,0.06666331294975691
45322.667969,2649712.5216001645,01/31/2024,2.4652368901654986,0.07274083685453547,0.06620756516129234
45322.707031,2653087.4783998355,01/31/2024,2.4707330577340287,0.06612680229385148,0.06048063673873827
45322.75,2656800.0,01/31/2024,2.4769993499051055,0.07274083680483301,0.06633454732158128
45322.792969,2660512.5216001645,01/31/2024,2.4829329433904466,0.07274083682182209,0.06666724554495573
45322.832031,2663887.4783998355,01/31/2024,2.4885362567734397,0.06612680226484713,0.060383490926859906
45322.875,2667600.0,01/31/2024,2.4945431385382903,0.07274083677361887,0.06660395677619135
45322.917969,2671312.5216001645,01/31/2024,2.500842705044213,0.07274083679142507,0.06631127266811632
45322.957031,2674687.4783998355,01/31/2024,2.5060486916365896,0.06612680223781808,0.06079081780569595
45323.0,2678400.0,02/01/2024,2.511763000865175,0.07274083674466425,0.06689652978099048
45323.042969,2682112.5216001645,02/01/2024,2.5183527122466973,0.0727408367631881,0.06602112777792257
45323.082031,2685487.4783998355,02/01/2024,2.523249423522727,0.06612680221269329,0.06110009287220919
45323.125,2689200.0,02/01/2024,2.529783426450799,0.0727408367176352,0.06607683626187111
45323.167969,2692912.5216001645,02/01/2024,2.5348956158163,0.07274083673679854,0.06749864971900621
45323.207031,2696287.4783998355,02/01/2024,2.5406594181345836,0.06612680218935196,0.06024300186676612
45323.25,2700000.0,02/01/2024,2.5464213217819225,0.07274083669255305,0.06684893488023391
45323.292969,2703712.5216001645,02/01/2024,2.5521208816410748,0.07274083671233456,0.06691127941238051
45323.332031,2707087.4783998355,02/01/2024,2.557270257489047,0.06612680216763778,0.060847427943812704
45323.375,2710800.0,02/01/2024,2.5631926636799864,0.0727408366691975,0.06669843273900256
45323.417969,2714512.5216001645,02/01/2024,2.5685559986408464,0.07274083668959008,0.0672575039275074
45323.457031,2717887.4783998355,02/01/2024,2.5736810285628406,0.06612680214727362,0.0608817746642174
45323.5,2721600.0,02/01/2024,2.579595602285149,0.07274083664751885,0.0667062657770785
45323.542969,2725312.5216001645,02/01/2024,2.585493750025036,0.07274083666841591,0.066722691383589
45323.582031,2728687.4783998355,02/01/2024,2.5906656417428464,0.06612680212860056,0.060844912646764726
45323.625,2732400.0,02/01/2024,2.5963303222901115,0.0727408366272897,0.06695615809805133
45323.667969,2736112.5216001645,02/01/2024,2.6020413757046037,0.07274083664871966,0.0669097856962182
45323.707031,2739487.4783998355,02/01/2024,2.6068660749792034,0.0661268021111141,0.06118210463206708
45323.75,2743200.0,02/01/2024,2.6124526421083547,0.07274083660853847,0.06703427153851749
45323.792969,2746912.5216001645,02/01/2024,2.6182012241948973,0.07274083663040898,0.06687225696082777
45323.832031,2750287.4783998355,02/01/2024,2.623252242427105,0.0661268020948711,0.06096578542621245
45323.875,2754000.0,02/01/2024,2.628960327511737,0.0727408365910378,0.06692275381055879
45323.917969,2757712.5216001645,02/01/2024,2.6347408382332533,0.07274083661333464,0.06685032781966527
45323.957031,2761087.4783998355,02/01/2024,2.6395074643508734,0.06612680207972943,0.06125017782053277
45324.0,2764800.0,02/02/2024,2.6450820321158184,0.0727403663991808,0.06706580104100368
