TIME_2DSOIL,TIME_PHREEQCRM,DATE,MINERAL_N,DELTA_NITRIFIED_N,DELTA_DENITRIFIED_N
45292.0,0.0,01/01/2024,25.534091751613406,0.0,0.0
45292.042969,3712.521600164473,01/01/2024,25.493489042864006,0.0966034495786256,0.13541616447700755
45292.082031,7087.478399835527,01/01/2024,25.45648839813061,0.08696109151241194,0.12219173602399414
45292.125,10800.0,01/01/2024,25.415858438124744,0.09462914036358844,0.13349909866490234
45292.167969,14512.521600164473,01/01/2024,25.37503583785769,0.09354588680687925,0.13262848625157647
45292.207031,17887.478399835527,01/01/2024,25.337570916390906,0.08413965538872847,0.11987457711746619
45292.25,21600.0,01/01/2024,25.296387663210545,0.09157812301853607,0.13105137423749558
45292.292969,25312.521600164473,01/01/2024,25.255106424550675,0.09057391247134361,0.13015514982796272
45292.332031,28687.478399835527,01/01/2024,25.217389306627403,0.08150073829174165,0.11753785384198134
45292.375,32400.0,01/01/2024,25.17604542187293,0.08874339622138971,0.12841728381154693
45292.417969,36112.52160016447,01/01/2024,25.1347080388924,0.08780921846216139,0.12749659910986977
45292.457031,39487.47839983553,01/01/2024,25.096995354607184,0.07904584192376862,0.11512852489920711
45292.5,43200.0,01/01/2024,25.055695503209257,0.08610635423126167,0.12579620310738804
45292.542969,46912.52160016447,01/01/2024,25.014413421513247,0.08523731595934603,0.12491939573044553
45292.582031,50287.47839983553,01/01/2024,24.976767651593907,0.07676210529348326,0.11282787865051058
45292.625,54000.0,01/01/2024,24.935546978575882,0.08365317915676118,0.12331387167699037
45292.667969,57712.52160016447,01/01/2024,24.894374366721514,0.08284472994308989,0.12248736750289257
45292.707031,61087.47839983553,01/01/2024,24.85684401502277,0.07463762178399502,0.1106579964173009
45292.75,64800.0,01/01/2024,24.815883390653237,0.08135097699130767,0.12082161554170368
45292.792969,68512.52160016447,01/01/2024,24.806324319952417,0.08050109220224333,0.08859016289692745
45292.832031,71887.47839983553,01/01/2024,24.819126558424728,0.07255409745022479,0.05830185889298489
45292.875,75600.0,01/01/2024,22.562051306765003,0.07914033225761807,0.09219558448475196
45292.917969,79312.52160016447,01/01/2024,19.62926994399548,0.07846329841763144,0.0870046639205202
45292.957031,82687.47839983553,01/01/2024,17.820003391516863,0.07075499541167107,0.06951155277742593
45293.0,86400.0,01/02/2024,16.58486084497865,0.07722139485649326,0.06967395234865359
45293.042969,90112.52160016447,01/02/2024,15.674291961760622,0.07658626847043104,0.06467516617424796
45293.082031,93487.47839983553,01/02/2024,14.9612365252994,0.0690916833161932,0.05551713367278621
45293.125,97200.0,01/02/2024,14.39524101991774,0.0754193357655657,0.05827485392744691
45293.167969,100912.52160016447,01/02/2024,13.919659638852226,0.07483608268783026,0.05578747729058042
45293.207031,104287.47839983553,01/02/2024,13.523126281569171,0.06752436637919823,0.04898773548303925
45293.25,108000.0,01/02/2024,13.185787041473581,0.07373678255396454,0.052316036519538756
45293.292969,111712.52160016447,01/02/2024,12.888891311355378,0.07317631443572603,0.05082205765555914
45293.332031,115087.47839983553,01/02/2024,12.62778009349915,0.06605314609288326,0.045094374182174324
45293.375,118800.0,01/02/2024,12.402614846788579,0.07214937870719096,0.04854463458626679
45293.417969,122512.52160016447,01/02/2024,12.201677428309404,0.07162482993500552,0.04758225741055577
45293.457031,125887.47839983553,01/02/2024,12.016560633212656,0.06467470408866438,0.04250150546529685
45293.5,129600.0,01/02/2024,11.85120090312318,0.07066859295213046,0.04598833018134707
45293.542969,133312.52160016447,01/02/2024,11.702224796232775,0.07018055274158863,0.0452566664779952
45293.582031,136687.47839983553,01/02/2024,11.566109967922873,0.0633922002807994,0.040587035933845605
45293.625,140400.0,01/02/2024,11.446057814815582,0.06929085808901192,0.04410302082415907
45293.667969,144112.52160016447,01/02/2024,11.335919750210495,0.06883677430834068,0.04359484863441354
45293.707031,147487.47839983553,01/02/2024,11.230964751352657,0.06219892809657601,0.03922393559188864
45293.75,151200.0,01/02/2024,11.135700236630983,0.06800897128108385,0.04272349482369808
45293.792969,154912.52160016447,01/02/2024,11.04755054294921,0.0675864698518942,0.042306170885332506
45293.832031,158287.47839983553,01/02/2024,10.963885228196173,0.06108865239092287,0.03813397296169496
45293.875,162000.0,01/02/2024,10.888936045099383,0.06681623268998305,0.041615421670972985
45293.917969,165712.52160016447,01/02/2024,10.820067420245705,0.06642310629305115,0.04129173704265954
45293.957031,169087.47839983553,01/02/2024,10.754635315614335,0.06005556978374216,0.03728767941329458
45294.0,172800.0,01/03/2024,10.696823323391383,0.0657064107616061,0.04076840722124597
45294.042969,176512.52160016447,01/03/2024,10.643347987447969,0.06534060620351045,0.04053594686731854
45294.082031,179887.47839983553,01/03/2024,10.590518563393161,0.05909428609624445,0.03666371436337368
45294.125,183600.0,01/03/2024,10.542759498293382,0.06467370977804521,0.0401327791145083
45294.167969,187312.52160016447,01/03/2024,10.497778986443025,0.0643333177592953,0.039933833136261754
45294.207031,190687.47839983553,01/03/2024,10.453303814222478,0.058199782883959106,0.03614495798881112
45294.25,194400.0,01/03/2024,10.413660528231981,0.06371274006454586,0.039596029731326254
45294.292969,198112.52160016447,01/03/2024,10.376542979766954,0.06339598390180878,0.03943353587520004
45294.332031,201487.47839983553,01/03/2024,10.339709744113888,0.057367391542051394,0.03572062981746793
45294.375,205200.0,01/03/2024,10.30739589622058,0.06281848758094011,0.03916233802973146
45294.417969,208912.52160016447,01/03/2024,10.277325819328032,0.06252371504374299,0.03903379430561049
45294.457031,212287.47839983553,01/03/2024,10.247303713759463,0.056592771454141655,0.03538487857619099
45294.5,216000.0,01/03/2024,10.22148748518558,0.061986288589755745,0.03882251906899903
45294.542969,219712.52160016447,01/03/2024,10.197644998365234,0.061711963937734815,0.03872445239041067
45294.582031,223087.47839983553,01/03/2024,10.173617198234485,0.05587188392083675,0.035129685372535135
45294.625,226800.0,01/03/2024,10.153396169671382,0.061211805821468346,0.0385728366990552
45294.667969,230512.52160016447,01/03/2024,10.134338055748977,0.060956499196169744,0.03850461500308455
45294.707031,233887.47839983553,01/03/2024,10.11420120441088,0.055200810265238154,0.034947663566441634
45294.75,237600.0,01/03/2024,10.097048380784104,0.060491006489324484,0.03838383176040594
45294.792969,241312.52160016447,01/03/2024,10.080827963628499,0.06025338836200689,0.03832380706587113
45294.832031,244687.47839983553,01/03/2024,10.063553004909185,0.05457654778549159,0.03479150790308516
45294.875,248400.0,01/03/2024,10.049171380555556,0.05982013605527836,0.038221761497250206
45294.917969,252112.52160016447,01/03/2024,10.035667712299357,0.05959897084977328,0.03817264057016967
45294.957031,255487.47839983553,01/03/2024,10.021109581114013,0.05399535638353381,0.03466348898063387
45295.0,259200.0,01/04/2024,10.009333844291477,0.05919570585074663,0.03809144405636555
45295.042969,262912.5216001645,01/04/2024,9.998380288100774,0.058989843106167505,0.038053400472403354
45295.082031,266287.4783998355,01/04/2024,9.986340372607463,0.053454378119756285,0.03456429435070252
45295.125,270000.0,01/04/2024,9.976972498372595,0.058614469616781406,0.037992345412959594
45295.167969,273712.5216001645,01/04/2024,9.968360643074538,0.05842283996966113,0.03796469631292787
45295.207031,277087.4783998355,01/04/2024,9.958649245070893,0.05295080217872972,0.034492200487795444
45295.25,280800.0,01/04/2024,9.951500420130497,0.05807340927398297,0.03792223502128955
45295.292969,284512.5216001645,01/04/2024,9.945041380508801,0.057895017050327624,0.03790405823983711
45295.332031,287887.4783998355,01/04/2024,9.937458580119284,0.052482013869448174,0.034444814529294376
45295.375,291600.0,01/04/2024,9.932339832565608,0.05756971511329745,0.03787846343468804
45295.417969,295312.5216001645,01/04/2024,9.927854477300793,0.05740363644026569,0.037868992656457934
45295.457031,298687.4783998355,01/04/2024,9.922219692715139,0.05204558164510509,0.034420367151058784
45295.5,302400.0,01/04/2024,9.918940072905281,0.057100776443617995,0.03786039679152431
45295.542969,306112.5216001645,01/04/2024,9.916214631314674,0.0569461495393222,0.037861591885161694
45295.582031,309487.4783998355,01/04/2024,9.912230972497373,0.05163924491656857,0.03442290441102536
45295.625,313200.0,01/04/2024,9.910253912956302,0.056664163654868815,0.03787122400514953
45295.667969,316912.5216001645,01/04/2024,9.90853673743735,0.05652018844496798,0.03787736480204362
45295.707031,320287.4783998355,01/04/2024,9.905418410682943,0.05126089922428534,0.03443922617731321
45295.75,324000.0,01/04/2024,9.904244752569578,0.05625761699546139,0.037891276201606594
45295.792969,327712.5216001645,01/04/2024,9.903338208132855,0.05612354932185415,0.03790009434269592
45295.832031,331087.4783998355,01/04/2024,9.901054424494419,0.05090858840632784,0.03446237238637462
45295.875,334800.0,01/04/2024,9.900683809287726,0.05587903589760046,0.03791965174768386
45295.917969,338512.5216001645,01/04/2024,9.900566306822665,0.05575418271406818,0.037931685486041644
45295.957031,341887.4783998355,01/04/2024,9.899092951683347,0.050580492491949514,0.034493848732093824
45296.0,345600.0,01/05/2024,9.899482058503189,0.05552646490591062,0.03795735928418953
45296.042969,349312.5216001645,01/05/2024,9.900109575216783,0.05541018235038919,0.03797266650841191
45296.082031,352687.4783998355,01/05/2024,9.89941066418746,0.05027491977148468,0.03453383149157574
45296.125,356400.0,01/05/2024,9.900524413478454,0.05519808629530054,0.03800433759946742
45296.167969,360112.5216001645,01/05/2024,9.901861407641162,0.05508977542372673,0.0380227822745578
45296.207031,363487.4783998355,01/05/2024,9.901889730308568,0.04999029516738762,0.03458197341644986
45296.25,367200.0,01/05/2024,9.903681843659605,0.05489220908545622,0.03806009629818963
45296.292969,370912.5216001645,01/05/2024,9.905691700630818,0.05479131290882666,0.038081457050463285
45296.332031,374287.4783998355,01/05/2024,9.906409115524179,0.049725154792722215,0.034637740388093086
45296.375,378000.0,01/05/2024,9.908852223123302,0.05460726059978338,0.038124153696720064
45296.417969,381712.5216001645,01/05/2024,9.911487068152594,0.05451326041027915,0.038148416854448364
45296.457031,385087.4783998355,01/05/2024,9.912854174597104,0.04947813678100843,0.034701030319006065
45296.5,388800.0,01/05/2024,9.915889552461854,0.05434177802848961,0.038196400557091614
45296.542969,392512.5216001645,01/05/2024,9.919120335328943,0.054254192031098825,0.038223409243767215
45296.582031,395887.4783998355,01/05/2024,9.921086804520339,0.04924797457357766,0.03477150557251729
45296.625,399600.0,01/05/2024,9.92468475258851,0.05409440081800909,0.0382764529841042
45296.667969,403312.5216001645,01/05/2024,9.928461439454738,0.05401278071194149,0.03830609412343655
45296.707031,406687.4783998355,01/05/2024,9.930996163040582,0.04903348964893883,0.03484876647576751
45296.75,410400.0,01/05/2024,9.93511635066673,0.05386386350525019,0.038363676645746914
45296.792969,414112.5216001645,01/05/2024,9.939398450671582,0.05378779231940101,0.038395692737846154
45296.832031,417487.4783998355,01/05/2024,9.942459729091583,0.04883358711988173,0.03493230896024091
45296.875,421200.0,01/05/2024,9.947070625537611,0.053648988743821846,0.03845809290305802
45296.917969,424912.5216001645,01/05/2024,9.951825559502185,0.05357807897205369,0.03849314506468904
45296.957031,428287.4783998355,01/05/2024,9.955359039561703,0.04864724696674294,0.035023766873593765
45297.0,432000.0,01/06/2024,9.960385733329618,0.0534486824582876,0.03856198939530753
45297.042969,435712.5216001645,01/06/2024,9.965478385553972,0.053382572730063416,0.03859992072739438
45297.082031,439087.4783998355,01/06/2024,9.96928965690406,0.048473521295323785,0.03512225027951388
45297.125,442800.0,01/06/2024,9.974490593414819,0.0532619261126035,0.038670990306782116
45297.167969,446512.5216001645,01/06/2024,9.979731601710371,0.05320028125236398,0.03870927355435416
45297.207031,449887.4783998355,01/06/2024,9.983721056716718,0.04831152915323056,0.035222074301444195
45297.25,453600.0,01/06/2024,9.989067455687898,0.053087772646950526,0.038781374268626934
45297.292969,457312.5216001645,01/06/2024,9.994467362783116,0.05303028027907519,0.038820373895307014
45297.332031,460687.4783998355,01/06/2024,9.998634082007047,0.04816044951209619,0.03532373001386446
45297.375,464400.0,01/06/2024,10.004135444701694,0.052925341483110344,0.0388939786035003
45297.417969,468112.5216001645,01/06/2024,10.009683311974262,0.05287171134924584,0.038933844431162434
45297.457031,471487.4783998355,01/06/2024,10.014015226033342,0.048019520132639215,0.03542760585810445
45297.5,475200.0,01/06/2024,10.019659990290075,0.052773812498966066,0.03900904804716365
45297.542969,478912.5216001645,01/06/2024,10.025343989020694,0.05272377555746566,0.0390497772373708
45297.582031,482287.4783998355,01/06/2024,10.029838308024868,0.047888031813617005,0.035533713007551704
45297.625,486000.0,01/06/2024,10.035614177852779,0.0526324243491203,0.039126554444959716
45297.667969,489712.5216001645,01/06/2024,10.041431790797466,0.05258572883153434,0.03916811603424453
45297.707031,493087.4783998355,01/06/2024,10.046085145957903,0.04776532445617221,0.03564196905983419
45297.75,496800.0,01/06/2024,10.051999238705733,0.05250046838442124,0.03924637589321023
45297.792969,500512.5216001645,01/06/2024,10.057947415569036,0.052456880859345745,0.03928870441816823
45297.832031,503887.4783998355,01/06/2024,10.062746001625097,0.04765078441055337,0.03575219820246023
45297.875,507600.0,01/06/2024,10.068775013812012,0.052377284924990164,0.03936827300036505
45297.917969,511312.5216001645,01/06/2024,10.074840323878005,0.05233658809678943,0.03941127824517565
45297.957031,514687.4783998355,01/06/2024,10.079779981349207,0.04754384060427341,0.03586418327514096
45298.0,518400.0,01/07/2024,10.085930174019637,0.05226226140310253,0.039492069160775856
45298.042969,522112.5216001645,01/07/2024,10.09210871013334,0.05222425327146851,0.03953571721680493
45298.082031,525487.4783998355,01/07/2024,10.09717484311235,0.04744396254276673,0.035977829679580076
45298.125,529200.0,01/07/2024,10.103422024481793,0.05215482698517704,0.039617646393558026
45298.167969,532912.5216001645,01/07/2024,10.109699458786649,0.05211931991660812,0.039661885747550585
45298.207031,536287.4783998355,01/07/2024,10.114887113278147,0.04735065598426935,0.036093001439959416
45298.25,540000.0,01/07/2024,10.121236713966077,0.05205445179948853,0.03974485091648816
45298.292969,543712.5216001645,01/07/2024,10.127608345878231,0.05202127044558402,0.03978963930886881
45298.332031,547087.4783998355,01/07/2024,10.13291221806695,0.04726346213521282,0.036209589655204155
45298.375,550800.0,01/07/2024,10.139349265676794,0.051960642184830874,0.039873594875399654
45298.417969,554512.5216001645,01/07/2024,10.145810002598022,0.05192962429311798,0.03991888825510603
45298.457031,557887.4783998355,01/07/2024,10.151214497772315,0.04718195350481835,0.0363274581176487
45298.5,561600.0,01/07/2024,10.157733822148938,0.05187293938157822,0.04000361489501447
45298.542969,565312.5216001645,01/07/2024,10.164278497527429,0.051843933718391355,0.0400492579421492
45298.582031,568687.4783998355,01/07/2024,10.169777968925182,0.047105593001811386,0.036446121527117015
45298.625,572400.0,01/07/2024,10.176374360089133,0.05179091597761065,0.0401345246074758
45298.667969,576112.5216001645,01/07/2024,10.182987708720898,0.05176378197217524,0.04018043352924394
45298.707031,579487.4783998355,01/07/2024,10.188576447178985,0.04703443028298615,0.0365656913188257
45298.75,583200.0,01/07/2024,10.195234440235875,0.05171417610795004,0.04026618348597388
45298.792969,586912.5216001645,01/07/2024,10.201910840644665,0.05168878319022596,0.040312382969494465
45298.832031,590287.4783998355,01/07/2024,10.20758264487986,0.046967702070702444,0.03668589783880094
45298.875,594000.0,01/07/2024,10.214296250210703,0.05164234974437143,0.04039874492268147
45298.917969,597712.5216001645,01/07/2024,10.221029442563765,0.05161857599900799,0.040445384221918346
45298.957031,601087.4783998355,01/07/2024,10.226767413283552,0.046905229585510355,0.03680725872083457
45299.0,604800.0,01/08/2024,10.233529623330272,0.051575094076220296,0.04053288400189814
45299.042969,608512.5216001645,01/08/2024,10.24030213490742,0.05155282631881697,0.04058031417104324
45299.082031,611887.4783998355,01/08/2024,10.24609825393213,0.046846714173176096,0.036930595022040436
45299.125,615600.0,01/08/2024,10.252891111431255,0.05151208913206062,0.04066923180601201
45299.167969,619312.5216001645,01/08/2024,10.259665211627588,0.05149122182918475,0.04071712222537727
45299.207031,622687.4783998355,01/08/2024,10.265451995641119,0.046791879489910926,0.03705509569157428
45299.25,626400.0,01/08/2024,10.272198946080675,0.05145303808802204,0.040806087841060545
45299.292969,630112.5216001645,01/08/2024,10.278928582065772,0.05143347367070916,0.040853838064597525
45299.332031,633487.4783998355,01/08/2024,10.284689789975054,0.046740468874904906,0.03717926142000927
45299.375,637200.0,01/08/2024,10.291384915234334,0.05139766493459064,0.04094253940234971
45299.417969,640912.5216001645,01/08/2024,10.298064078777038,0.051379312368320385,0.04099014903438736
45299.457031,644287.4783998355,01/08/2024,10.30379327228772,0.04669224300637964,0.03730304990133604
45299.5,648000.0,01/08/2024,10.310450397227187,0.051345712160760115,0.04107858727374847
45299.542969,651712.5216001645,01/08/2024,10.317092797058097,0.051328486699304676,0.04112608673318796
45299.582031,655087.4783998355,01/08/2024,10.322793254744443,0.046646979153560864,0.03742652159554538
45299.625,658800.0,01/08/2024,10.329405917017148,0.05129694095836079,0.04121427893631058
45299.667969,662512.5216001645,01/08/2024,10.335995032914337,0.05128076360279721,0.0412616478979686
45299.707031,665887.4783998355,01/08/2024,10.341669862012171,0.046604470027098444,0.03754964076461853
45299.75,669600.0,01/08/2024,10.348231406826665,0.05125112902693374,0.04134958446211279
45299.792969,673312.5216001645,01/08/2024,10.354780527604502,0.05123592704403279,0.04139680671664969
45299.832031,676687.4783998355,01/08/2024,10.360422704783174,0.04656452309721537,0.03767234618440085
45299.875,680400.0,01/08/2024,10.3669464140226,0.05120806957250856,0.04148436056385485
45299.917969,684112.5216001645,01/08/2024,10.373448818286349,0.05119377459485008,0.0415313702369442
45299.957031,687487.4783998355,01/08/2024,10.379061286392421,0.04652696017283553,0.03779449159338988
45300.0,691200.0,01/09/2024,10.385530335897231,0.05116757024448226,0.041618521111063345
45300.042969,694912.5216001645,01/09/2024,10.391989127603132,0.051154118886790556,0.04166532750596019
45300.082031,698287.4783998355,01/09/2024,10.397574655559405,0.046491613598568904,0.03791608641911104
45300.125,702000.0,01/09/2024,10.404002038932177,0.051129452190355806,0.041752068749641325
45300.167969,705712.5216001645,01/09/2024,10.410410172101185,0.05111678550678356,0.041798652552618165
45300.207031,709087.4783998355,01/09/2024,10.41596141541853,0.0464583292838423,0.038037086092916894
45300.25,712800.0,01/09/2024,10.422340021061602,0.05109354902447549,0.04188494344643523
45300.292969,716512.5216001645,01/09/2024,10.428700335695579,0.05108161217438045,0.04193129757328151
45300.332031,719887.4783998355,01/09/2024,10.434209821988922,0.04642696288575365,0.03815747677410286
45300.375,723600.0,01/09/2024,10.440532358855409,0.051059705709798564,0.04201716929842014
45300.417969,727312.5216001645,01/09/2024,10.446837495165056,0.05104844798228747,0.042063312344543746
45300.457031,730687.4783998355,01/09/2024,10.452317595519457,0.04639738038757635,0.03827728028273114
45300.5,734400.0,01/09/2024,10.458586669971274,0.05102777915078072,0.042148704971159745
45300.542969,738112.5216001645,01/09/2024,10.464839251483202,0.05101715225941916,0.04219457111306113
45300.582031,741487.4783998355,01/09/2024,10.47028235517459,0.04636945720233854,0.03839635361320681
45300.625,745200.0,01/09/2024,10.47650058602045,0.05099763459471163,0.04227940396750718
45300.667969,748912.5216001645,01/09/2024,10.482703212725333,0.05098759503158945,0.04232496866152502
45300.707031,752287.4783998355,01/09/2024,10.488101671405005,0.04634307736218268,0.03851461905018283
45300.75,756000.0,01/09/2024,10.49440538400687,0.05096886278550272,0.04227567029543167
45300.792969,759712.5216001645,01/09/2024,10.513359207941829,0.050958136589942526,0.02964484107982024
45300.832031,763087.4783998355,01/09/2024,10.104153069334515,0.046316742124513866,0.02227330927083848
45300.875,766800.0,01/09/2024,7.999450509872409,0.05094079777602012,0.031353672103080044
45300.917969,770512.5216001645,01/09/2024,6.95893002661256,0.050931931642159256,0.02749248547051053
45300.957031,773887.4783998355,01/09/2024,6.36287407744293,0.04629344513928224,0.0226294395743718
45301.0,777600.0,01/10/2024,5.972033753308965,0.05091591651560101,0.023136246839603913
45301.042969,781312.5216001645,01/10/2024,5.692743866854572,0.050907588099651235,0.0218974786193602
45301.082031,784687.4783998355,01/10/2024,5.479473731538679,0.04627171958760812,0.019111860830038907
45301.125,788400.0,01/10/2024,5.3149619927761655,0.050892208106796843,0.020343952266042464
45301.167969,792112.5216001645,01/10/2024,5.183915749937562,0.05088425134212926,0.019800501006338678
45301.207031,795487.4783998355,01/10/2024,5.073384108260729,0.04625096033010223,0.01760260626513066
45301.25,799200.0,01/10/2024,4.987258434715564,0.05086964446056719,0.01904532457732877
45301.292969,802912.5216001645,01/10/2024,4.914285341545812,0.05086198239278161,0.018765077955738008
45301.332031,806287.4783998355,01/10/2024,4.850206655456224,0.046230951700906076,0.01685964312069288
45301.375,810000.0,01/10/2024,4.799983031902563,0.050847953628803566,0.01837158423960794
45301.417969,813712.5216001645,01/10/2024,4.758727890461152,0.0508406663201697,0.0182358138375438
45301.457031,817087.4783998355,01/10/2024,4.720412933637087,0.04621180373814049,0.016486765106570545
45301.5,820800.0,01/10/2024,4.690548587073366,0.0508272350443022,0.018051586325848135
45301.542969,824512.5216001645,01/10/2024,4.665916622681891,0.050820301761321574,0.01798226959073368
45301.582031,827887.4783998355,01/10/2024,4.643162358336159,0.04619358592181477,0.016307853185345778
45301.625,831600.0,01/10/2024,4.6278952898089685,0.05080751552459262,0.017914587270478677
45301.667969,835312.5216001645,01/10/2024,4.616365281239718,0.050800911574855334,0.01791092365918523
45301.707031,838687.4783998355,01/10/2024,4.604311967886492,0.04617623348947397,0.01628955253485742
45301.75,842400.0,01/10/2024,4.59755736291557,0.050788725865796636,0.017933336863956484
45301.792969,846112.5216001645,01/10/2024,4.593063886688412,0.05078242823519297,0.01795591075276448
45301.832031,849487.4783998355,01/10/2024,4.5877423907316945,0.04615968602120013,0.01635118749505793
45301.875,853200.0,01/10/2024,4.587457434789769,0.05077080059976602,0.018025765639857028
45301.917969,856912.5216001645,01/10/2024,4.589117922389992,0.05076478790086725,0.01807430944130317
45301.957031,860287.4783998355,01/10/2024,4.589641766723027,0.04614388757270049,0.016480050479588115
45302.0,864000.0,01/11/2024,4.594854899546167,0.05075367962105304,0.018190554262348613
45302.042969,867712.5216001645,01/11/2024,4.601607740757807,0.050747932230159165,0.01826509762906703
45302.082031,871087.4783998355,01/11/2024,4.606433086337667,0.04612878531842313,0.01667344550360994
45302.125,874800.0,01/11/2024,4.615060686572971,0.05073730706130597,0.018419712038562963
45302.167969,878512.5216001645,01/11/2024,4.624537990132177,0.05073180590762938,0.01850450771598844
45302.207031,881887.4783998355,01/11/2024,4.631924788126591,0.04611433120446229,0.016897537411436403
45302.25,885600.0,01/11/2024,4.643041926604571,0.05072163008677322,0.018674495626736842
45302.292969,889312.5216001645,01/11/2024,4.654929790121367,0.050716358548630325,0.018768498709686554
45302.332031,892687.4783998355,01/11/2024,4.6646749492317525,0.04610047943516804,0.017145323819054425
45302.375,896400.0,01/11/2024,4.67802597667017,0.05070660043745079,0.01895557657257818
45302.417969,900112.5216001645,01/11/2024,4.692059175339715,0.05070154194490151,0.019058346209467558
45302.457031,903487.4783998355,01/11/2024,4.703880456642633,0.04608718819762814,0.01741590980570784
45302.5,907200.0,01/11/2024,4.719191859587966,0.050692173209816005,0.01926077290382544
45302.542969,910912.5216001645,01/11/2024,4.735097909696959,0.05068731311640029,0.019371265183206532
45302.582031,914287.4783998355,01/11/2024,4.748735501812952,0.046074418408768025,0.01770682844107263
45302.625,918000.0,01/11/2024,4.765735329981165,0.05067830552579622,0.019588479472480103
45302.667969,921712.5216001645,01/11/2024,4.783141706877204,0.050673493805920344,0.01970711888558796
45302.707031,925087.4783998355,01/11/2024,4.797986839408914,0.04606213366370682,0.01801700292445929
45302.75,928800.0,01/11/2024,4.8158796515773705,0.05066495941125737,0.01993214909264296
45302.792969,932512.5216001645,01/11/2024,4.834008886241623,0.05066045558753984,0.020051222645403044
45302.832031,935887.4783998355,01/11/2024,4.849598941575879,0.04605030036465685,0.018330246214510737
45302.875,939600.0,01/11/2024,4.868193423674395,0.050652097414952024,0.020277617106359003
45302.917969,943312.5216001645,01/11/2024,4.887003281731566,0.050647753296315656,0.020397896996531273
45302.957031,946687.4783998355,01/11/2024,4.903295648975389,0.04603888648558829,0.018646520325825477
45303.0,950400.0,01/12/2024,4.9225384878782315,0.05063968707910327,0.02062684899142475
45303.042969,954112.5216001645,01/12/2024,4.941975397223992,0.05063549124213118,0.020748582474679367
45303.082031,957487.4783998355,01/12/2024,4.958896765118318,0.04602786280741178,0.01896649578693399
45303.125,961200.0,01/12/2024,4.978714373115226,0.05062769554628588,0.02098008810065366
45303.167969,964912.5216001645,01/12/2024,4.998694886068536,0.05062363766054645,0.021103126022699925
45303.207031,968287.4783998355,01/12/2024,5.01617225896794,0.04601720282710886,0.019289830514480855
45303.25,972000.0,01/12/2024,5.03649151643824,0.05061609362793007,0.021336837500108174
45303.292969,975712.5216001645,01/12/2024,5.0569527156244956,0.05061216486546449,0.021460966589060604
45303.332031,979087.4783998355,01/12/2024,5.074923623775156,0.046006880443751896,0.019615972906379398
45303.375,982800.0,01/12/2024,5.0956820089204715,0.050604855452990094,0.021696470866423567
45303.417969,986512.5216001645,01/12/2024,5.116561556528435,0.050601046289909135,0.021821498981859477
45303.457031,989887.4783998355,01/12/2024,5.1349639710794115,0.04599687209842074,0.01994445821994617
45303.5,993600.0,01/12/2024,5.156089169753173,0.05059395435015013,0.02205875649164568
45303.542969,997312.5216001645,01/12/2024,5.17731422246667,0.05059025646047566,0.022185204103156053
45303.582031,1000687.4783998355,01/12/2024,5.196064917272746,0.04598727653978507,0.020276582067911164
45303.625,1004400.0,01/12/2024,5.217422982395362,0.05058338398323947,0.022425319789798337
45303.667969,1008112.5216001645,01/12/2024,5.23878075023427,0.05057977319891549,0.022552006298692362
45303.707031,1011487.4783998355,01/12/2024,5.257609165771203,0.04597771268471185,0.020609297430963736
45303.75,1015200.0,01/12/2024,5.2789820063441635,0.050573073060931506,0.022790233286343664
45303.792969,1018912.5216001645,01/12/2024,5.300355670074506,0.05056957465882128,0.02291591149294625
45303.832031,1022287.4783998355,01/12/2024,5.319234878839817,0.04596852177776434,0.0209393133866822
45303.875,1026000.0,01/12/2024,5.340625502989763,0.050563050323065184,0.023152426285170336
45303.917969,1029712.5216001645,01/12/2024,5.362007849812247,0.05055964152677994,0.02327729576776605
45303.957031,1033087.4783998355,01/12/2024,5.380930258105144,0.045959566544274466,0.02126715813792579
45304.0,1036800.0,01/13/2024,5.402321217060166,0.05055328048266006,0.023512321538708747
45304.042969,1040512.5216001645,01/13/2024,5.423704740680957,0.050549955029119076,0.023636432139634067
45304.082031,1043887.4783998355,01/13/2024,5.4426426052162,0.045950830329282155,0.02159296557993784
45304.125,1047600.0,01/13/2024,5.464016387522365,0.05054374563508546,0.023869963817629625
45304.167969,1051312.5216001645,01/13/2024,5.485373596502146,0.05054049771522173,0.02399328953371338
45304.207031,1054687.4783998355,01/13/2024,5.504329223739157,0.04594229763149826,0.02191667064979974
45304.25,1058400.0,01/13/2024,5.525678411095967,0.050534429652405066,0.024225242472089903
45304.292969,1062112.5216001645,01/13/2024,5.547001936053164,0.05053125417827431,0.02434772978139499
45304.332031,1065487.4783998355,01/13/2024,5.565947735467777,0.04593395473390416,0.022238155419355365
45304.375,1069200.0,01/13/2024,5.587254912303166,0.05052531764463808,0.02457814068404751
45304.417969,1072912.5216001645,01/13/2024,5.6085371709719105,0.05052220898538451,0.024699950685711514
45304.457031,1076287.4783998355,01/13/2024,5.6274651506519735,0.045925787968499776,0.02255780864103052
45304.5,1080000.0,01/13/2024,5.6487123662857694,0.05051639451674106,0.024929179248458055
45304.542969,1083712.5216001645,01/13/2024,5.669925323776775,0.05051334886601211,0.02505039107379936
45304.582031,1087087.4783998355,01/13/2024,5.688817222091519,0.045917785308578374,0.022875887648600823
45304.625,1090800.0,01/13/2024,5.709986321283971,0.05050764825171328,0.02527854967799925
45304.667969,1094512.5216001645,01/13/2024,5.731131742817155,0.05050466042295554,0.02539923861191795
45304.707031,1097887.4783998355,01/13/2024,5.749979176249763,0.04590993560380241,0.023192502366642387
45304.75,1101600.0,01/13/2024,5.771062052062774,0.05049906574662799,0.02562618974983799
45304.792969,1105312.5216001645,01/13/2024,5.7921120025313755,0.05049613198204739,0.025746181566416837
45304.832031,1108687.4783998355,01/13/2024,5.810896945904197,0.04590222770651309,0.02350728507565769
45304.875,1112400.0,01/13/2024,5.831885750201575,0.05049063611805238,0.025971832401525674
45304.917969,1116112.5216001645,01/13/2024,5.85283222263984,0.050487752381979334,0.02609128018687379
45304.957031,1119487.4783998355,01/13/2024,5.871536229490939,0.04589465174931817,0.023820645111083394
45305.0,1123200.0,01/14/2024,5.892412369636375,0.05048234851633637,0.026316208424843168
45305.042969,1126912.5216001645,01/14/2024,5.9132266052315225,0.05047951161219544,0.02643527629438225
45305.082031,1130287.4783998355,01/14/2024,5.93180110751986,0.04588719932363716,0.02413269722156386
45305.125,1134000.0,01/14/2024,5.952476893443977,0.05047419279422627,0.02665840745165582
45305.167969,1137712.5216001645,01/14/2024,5.973082163934385,0.050471399437096665,0.02677612836174781
45305.207031,1141087.4783998355,01/14/2024,5.9914806132777745,0.045879861107501085,0.024441412438088506
45305.25,1144800.0,01/14/2024,6.011950001447377,0.05046616005608584,0.02699677156936353
45305.292969,1148512.5216001645,01/14/2024,6.032350150623841,0.05046340722714859,0.027113258142188457
45305.332031,1151887.4783998355,01/14/2024,6.050565926072341,0.04587262939796233,0.0247468547962022
45305.375,1155600.0,01/14/2024,6.070832522816181,0.050458241483383404,0.0273316451880099
45305.417969,1159312.5216001645,01/14/2024,6.091021068316643,0.05045552665427522,0.027446980958487188
45305.457031,1162687.4783998355,01/14/2024,6.109057330779133,0.045865497115805454,0.0250492347295328
45305.5,1166400.0,01/14/2024,6.12911460163098,0.05045042967063651,0.027663159339983423
45305.542969,1170112.5216001645,01/14/2024,6.1490950098115675,0.05044774996052581,0.02777734189809067
45305.582031,1173487.4783998355,01/14/2024,6.166954907862624,0.045858456815057735,0.025348558079667072
45305.625,1177200.0,01/14/2024,6.186796308559979,0.05044271726146121,0.02799131633424423
45305.667969,1180912.5216001645,01/14/2024,6.206562028119008,0.05044006994231154,0.028104350401781275
45305.707031,1184287.4783998355,01/14/2024,6.224238693191079,0.04585150209761579,0.02564483741761059
45305.75,1188000.0,01/14/2024,6.243867672521579,0.050435096550039304,0.02831611713540738
45305.792969,1191712.5216001645,01/14/2024,6.263422165056994,0.050432479924552354,0.02842798711359862
45305.832031,1195087.4783998355,01/14/2024,6.280918767898136,0.04584462784414001,0.025938025123815933
45305.875,1198800.0,01/14/2024,6.300338846282579,0.050427561991725156,0.028637484135785485
45305.917969,1202512.5216001645,01/14/2024,6.319685657613938,0.050424973377648286,0.028748162567621804
45305.957031,1205887.4783998355,01/14/2024,6.337005416946843,0.04583782745030618,0.02622806792140686
45306.0,1209600.0,01/15/2024,6.356210106738379,0.050420107331717645,0.028955417736572286
45306.042969,1213312.5216001645,01/15/2024,6.375342715703093,0.050417545069144865,0.029064936369579186
45306.082031,1216687.4783998355,01/15/2024,6.3924787712085145,0.04583109630137727,0.026515041435681397
45306.125,1220400.0,01/15/2024,6.411471507745179,0.050412727074302666,0.02926999061514124
45306.167969,1224112.5216001645,01/15/2024,6.430393331539256,0.0504101890662092,0.029378365458718747
45306.207031,1227487.4783998355,01/15/2024,6.4473387758354965,0.045824429874684824,0.026798986212517306
45306.25,1231200.0,01/15/2024,6.466122944565981,0.05040541580192226,0.02958124706756493
45306.292969,1234912.5216001645,01/15/2024,6.4848273402557925,0.05040290118040147,0.029688505299020562
45306.332031,1238287.4783998355,01/15/2024,6.501585187027294,0.04581782345588792,0.02707997663851458
45306.375,1242000.0,01/15/2024,6.520154054959982,0.050398169296723694,0.029889301577664895
45306.417969,1245712.5216001645,01/15/2024,6.5386442545671,0.050395675646576876,0.02999547639734601
45306.457031,1249087.4783998355,01/15/2024,6.555217469996549,0.045811272641824274,0.02735805732270613
45306.5,1252800.0,01/15/2024,6.573564409718584,0.050390982233359694,0.030194043388348746
45306.542969,1256512.5216001645,01/15/2024,6.59183397355871,0.050388508951087374,0.03029894497155894
45306.582031,1259887.4783998355,01/15/2024,6.608215946040803,0.04580477384653747,0.027632801409479768
45306.625,1263600.0,01/15/2024,6.626354798783385,0.05038385191562966,0.030494999696962566
45306.667969,1267312.5216001645,01/15/2024,6.64441762380454,0.05038139623992777,0.030598571721570877
45306.707031,1270687.4783998355,01/15/2024,6.660611901205806,0.04579832375440418,0.027904046490771606
45306.75,1274400.0,01/15/2024,6.678526549519586,0.050376773095791805,0.030792125261259073
45306.792969,1278112.5216001645,01/15/2024,6.696366483686906,0.050374334862986814,0.03089440023348544
45306.832031,1281487.4783998355,01/15/2024,6.712376546902896,0.0457919187707958,0.0281718556096493
45306.875,1285200.0,01/15/2024,6.730080799877188,0.05036974275208195,0.031085489978067926
45306.917969,1288912.5216001645,01/15/2024,6.7477116016755385,0.050367320490391165,0.031186519019245296
45306.957031,1292287.4783998355,01/15/2024,6.763530775660391,0.045785555270132505,0.02843638182040742
45307.0,1296000.0,01/16/2024,6.781018147580587,0.05036275781186106,0.03137538578194565
45307.042969,1299712.5216001645,01/16/2024,6.798433148553363,0.05036035045799281,0.03147534930686113
45307.082031,1303087.4783998355,01/16/2024,6.81406432146207,0.04577923140672269,0.0286980584564418
45307.125,1306800.0,01/16/2024,6.831337889665788,0.05035581467764416,0.03166224591069522
45307.167969,1310512.5216001645,01/16/2024,6.848520147800362,0.05035342116714148,0.03176116293465725
45307.207031,1313887.4783998355,01/16/2024,6.863946170240822,0.04577294374760399,0.028956921274675196
45307.25,1317600.0,01/16/2024,6.880979228741386,0.05034891041153955,0.03194585243306669
45307.292969,1321312.5216001645,01/16/2024,6.897922269598227,0.05034652982907417,0.032043489083127596
45307.332031,1324687.4783998355,01/16/2024,6.913136492756398,0.04576669006133827,0.029212466812737148
45307.375,1328400.0,01/16/2024,6.929922830620389,0.050342043173593254,0.032225705218536405
45307.417969,1332112.5216001645,01/16/2024,6.9466304947426005,0.050339674655887734,0.03232201080823138
45307.457031,1335487.4783998355,01/16/2024,6.96162646522386,0.045760468258013276,0.029464497196784123
45307.5,1339200.0,01/16/2024,6.978180007817388,0.05033520970271255,0.032501666779385374
45307.542969,1342912.5216001645,01/16/2024,6.994646202655921,0.05033285237814411,0.03259665801045131
45307.582031,1346287.4783998355,01/16/2024,7.009437434267129,0.04575427541310262,0.029713043788341054
45307.625,1350000.0,01/16/2024,7.025752027174388,0.050328407890514626,0.03277381508160637
45307.667969,1353712.5216001645,01/16/2024,7.041990604378692,0.05032606103590709,0.03286748391475314
45307.707031,1357087.4783998355,01/16/2024,7.056570597687231,0.04574811030818182,0.0299581171806782
45307.75,1360800.0,01/16/2024,7.072650074835788,0.05032163562183811,0.03304215859856896
45307.792969,1364512.5216001645,01/16/2024,7.088654851530751,0.05031929850951755,0.033134521571716036
45307.832031,1367887.4783998355,01/16/2024,7.103027097154857,0.04574197081164044,0.03019972536715443
45307.875,1371600.0,01/16/2024,7.118885344231191,0.050314890889385566,0.03330664339713074
45307.917969,1375312.5216001645,01/16/2024,7.134660243788349,0.05031256258390826,0.033397662998753574
45307.957031,1378687.4783998355,01/16/2024,7.148828297007865,0.04573585517661982,0.03043780191423373
45308.0,1382400.0,01/17/2024,7.1644591927071914,0.05030817155009615,0.03356727633381418
45308.042969,1386112.5216001645,01/17/2024,7.180008054789936,0.050305852261910644,0.0336569901315773
45308.082031,1389487.4783998355,01/17/2024,7.193975382331023,0.045729761556305704,0.030672434099516366
45308.125,1393200.0,01/17/2024,7.20938271394219,0.05030147667982732,0.03382414485850482
45308.167969,1396912.5216001645,01/17/2024,7.224709306448825,0.05029916475134044,0.03391257193328556
45308.207031,1400287.4783998355,01/17/2024,7.238479324817701,0.045723688961732734,0.030903670775630943
45308.25,1404000.0,01/17/2024,7.253666839658994,0.050294803298502444,0.034077288627882396
45308.292969,1407712.5216001645,01/17/2024,7.268774887724068,0.050292499022418724,0.03416445142957336
45308.332031,1411087.4783998355,01/17/2024,7.282350943409353,0.045717635731808315,0.031131580678465554
45308.375,1414800.0,01/17/2024,7.2973122734975915,0.050288151304222595,0.034326821161158705
45308.417969,1418512.5216001645,01/17/2024,7.312205361119553,0.05028585361588611,0.03441276654663561
45308.457031,1421887.4783998355,01/17/2024,7.325590701922274,0.0457116005718845,0.03135625960851307
45308.5,1425600.0,01/17/2024,7.340339429090995,0.050281518746359666,0.0345727917336518
45308.542969,1429312.5216001645,01/17/2024,7.355011164649605,0.0502792280263229,0.03465749180059596
45308.582031,1432687.4783998355,01/17/2024,7.368199082770181,0.04570558200454755,0.03157766441438703
45308.625,1436400.0,01/17/2024,7.382738829630395,0.05027490429072401,0.03481515802141644
45308.667969,1440112.5216001645,01/17/2024,7.3972028276398385,0.050272619009408714,0.03489862124600407
45308.707031,1443487.4783998355,01/17/2024,7.410206603978163,0.045699579176240235,0.031795802520637295
45308.75,1447200.0,01/17/2024,7.424530981214794,0.0502683062042415,0.03505392919295858
45308.792969,1450912.5216001645,01/17/2024,7.438780861657727,0.05026602679173209,0.03513614608848492
45308.832031,1454287.4783998355,01/17/2024,7.451593813280239,0.045693591037977654,0.03201063986477948
45308.875,1458000.0,01/17/2024,7.4657065087479975,0.05026172420979691,0.03528902930033517
45308.917969,1461712.5216001645,01/17/2024,7.479755997744237,0.050259450292895025,0.03536996178084273
45308.957031,1465087.4783998355,01/17/2024,7.492391504919031,0.04568761688204148,0.032222109021597944
45309.0,1468800.0,01/18/2024,7.506306204693394,0.050255157257080185,0.035520457152362184
45309.042969,1472512.5216001645,01/18/2024,7.520148938277792,0.05025288822115925,0.03560015420504392
45309.082031,1475887.4783998355,01/18/2024,7.532600273946988,0.0456816552793633,0.032430319704133126
45309.125,1479600.0,01/18/2024,7.5463105406853925,0.050248604065931346,0.03574833770282204
45309.167969,1483312.5216001645,01/18/2024,7.559950044961849,0.05024633902640829,0.03582683525344521
45309.207031,1486687.4783998355,01/18/2024,7.5722203889483755,0.045675705637748365,0.032635361803921015
45309.25,1490400.0,01/18/2024,7.585729700873196,0.05024206351992788,0.0359727521698332
45309.292969,1494112.5216001645,01/18/2024,7.599169427215598,0.05023980271194972,0.036050077043023876
45309.332031,1497487.4783998355,01/18/2024,7.611261871315903,0.04566976720393967,0.03283732347234469
45309.375,1501200.0,01/18/2024,7.624573561185995,0.050235534711070784,0.03619384514263224
45309.417969,1504912.5216001645,01/18/2024,7.637816782317898,0.050233278451027985,0.036270057066825956
45309.457031,1508287.4783998355,01/18/2024,7.649734280404721,0.04566383925262585,0.033036341481439635
45309.5,1512000.0,01/18/2024,7.662851596306594,0.05022901769825694,0.03641170192133636
45309.542969,1515712.5216001645,01/18/2024,7.6759015580588725,0.05022676463028475,0.036486803112872224
45309.582031,1519087.4783998355,01/18/2024,7.687647055615402,0.045657921059483186,0.03323242321364184
45309.625,1522800.0,01/18/2024,7.700573235245198,0.05022251098264263,0.03662633160708495
45309.667969,1526512.5216001645,01/18/2024,7.713423175609629,0.050220261374647635,0.03670032100411014
45309.707031,1529887.4783998355,01/18/2024,7.724989609236464,0.04565201206035141,0.033425578558661684
45309.75,1533600.0,01/18/2024,7.7377178548947985,0.05021601381881169,0.03683776892322932
45309.792969,1537312.5216001645,01/18/2024,7.750380931426201,0.05021376749001405,0.036910691141015306
45309.832031,1540687.4783998355,01/18/2024,7.761781141853771,0.04564611133939067,0.033615901036085916
45309.875,1544400.0,01/18/2024,7.774324565958397,0.05020952617819674,0.03704610221689819
45309.917969,1548112.5216001645,01/18/2024,7.786803897629997,0.0502072831819973,0.03711795102087123
45309.957031,1551487.4783998355,01/18/2024,7.798030713510766,0.04564021893191139,0.03380340331516152
45310.0,1555200.0,01/19/2024,7.810382409088993,0.05020304719026214,0.03725135137156599
45310.042969,1558912.5216001645,01/19/2024,7.8226710654519485,0.050200806776366846,0.03732215107707759
45310.082031,1562287.4783998355,01/19/2024,7.833737265963606,0.04563433431086139,0.03398813379197918
45310.125,1566000.0,01/19/2024,7.845900297168395,0.0501965760335068,0.037453544768538904
45310.167969,1569712.5216001645,01/19/2024,7.858001372263345,0.050194338570111796,0.03752326323227706
45310.207031,1573087.4783998355,01/19/2024,7.868889812658392,0.045628456218903324,0.034170015843947965
45310.25,1576800.0,01/19/2024,7.880867349305596,0.050190112728198955,0.037652575836972346
45310.292969,1580512.5216001645,01/19/2024,7.89277399445779,0.050187877783319124,0.03772123212677769
45310.332031,1583887.4783998355,01/19/2024,7.903497467666563,0.04562258474136627,0.03434911148215036
45310.375,1587600.0,01/19/2024,7.915282475860596,0.050183656275955,0.0378486486358689
45310.417969,1591312.5216001645,01/19/2024,7.92700756896174,0.050181423423396154,0.03791633061547728
45310.457031,1594687.4783998355,01/19/2024,7.937558664839531,0.04561671973776882,0.03452562330685538
45310.5,1598400.0,01/19/2024,7.949163981400993,0.050177206523169815,0.03804189070046604
45310.542969,1602112.5216001645,01/19/2024,7.96070033141749,0.05017497643864033,0.038108626222680186
45310.582031,1605487.4783998355,01/19/2024,7.97109156184653,0.04561086004008885,0.03469962960500439
45310.625,1609200.0,01/19/2024,7.982509933725388,0.05017076330654291,0.0382323915875169
45310.667969,1612912.5216001645,01/19/2024,7.9938702687175045,0.050168535053831675,0.03829819987276295
45310.707031,1616287.4783998355,01/19/2024,8.004094042088425,0.04560500660618416,0.03487123350238974
45310.75,1620000.0,01/19/2024,8.015337992941392,0.050164325756067996,0.038420375218048974
45310.792969,1623712.5216001645,01/19/2024,8.02651475601378,0.05016209971899954,0.03848533672855581
45310.832031,1627087.4783998355,01/19/2024,8.036573374750912,0.045599157798282164,0.03504053893141901
45310.875,1630800.0,01/19/2024,8.047635603962995,0.05015789401208792,0.0386056643280277
45310.917969,1634512.5216001645,01/19/2024,8.0586316802991,0.05015566927244208,0.03866959273162607
45310.957031,1637887.4783998355,01/19/2024,8.068537863391384,0.04559331381858911,0.035207130679363985
45311.0,1641600.0,01/20/2024,8.079421438699999,0.05015146722234576,0.03878789203341171
45311.042969,1645312.5216001645,01/20/2024,8.090249928184253,0.05014924419747757,0.038850754935157994
45311.082031,1648687.4783998355,01/20/2024,8.099996471617061,0.04558747417355136,0.03537093086989884
45311.125,1652400.0,01/20/2024,8.110714400787598,0.050145045323649384,0.038967116591340556
45311.167969,1656112.5216001645,01/20/2024,8.121368235800194,0.05014282397155512,0.03902898881879935
45311.207031,1659487.4783998355,01/20/2024,8.130957764481263,0.04558163931930892,0.035532110477895174
45311.25,1663200.0,01/20/2024,8.141502930494259,0.05013862810669778,0.03914346219610465
45311.292969,1666912.5216001645,01/20/2024,8.151985000434653,0.0501364082634943,0.039204338604623246
45311.332031,1670287.4783998355,01/20/2024,8.161430121736416,0.045575808007797036,0.03569068667724551
45311.375,1674000.0,01/20/2024,8.171805321431755,0.050132215235290545,0.039317015397330124
45311.417969,1677712.5216001645,01/20/2024,8.182128335233632,0.05012999657020245,0.03937698324533301
45311.457031,1681087.4783998355,01/20/2024,8.19142147293382,0.04556998078301078,0.035846843599475875
45311.5,1684800.0,01/20/2024,8.201629388069868,0.05012580622048546,0.03948789113199069
45311.542969,1688512.5216001645,01/20/2024,8.211786067995977,0.05012358921959148,0.03954690972139119
45311.582031,1691887.4783998355,01/20/2024,8.220929717693963,0.045564157436096764,0.03600050709276914
45311.625,1695600.0,01/20/2024,8.230983085594834,0.05011940139237936,0.03965603310904342
45311.667969,1699312.5216001645,01/20/2024,8.240976149889317,0.050117185685202514,0.03971412140562336
45311.707031,1702687.4783998355,01/20/2024,8.249972774377705,0.045558336976874614,0.03615171242742932
45311.75,1706400.0,01/20/2024,8.259864307660937,0.05011300022944454,0.03982146657094532
45311.792969,1710112.5216001645,01/20/2024,8.269696476568445,0.050110785758981535,0.03987861697131123
45311.832031,1713487.4783998355,01/20/2024,8.27855856300221,0.045552519749747944,0.036300433360302975
45311.875,1717200.0,01/20/2024,8.2882910223436,0.05010660228485975,0.03998414287318752
45311.917969,1720912.5216001645,01/20/2024,8.297965090843345,0.05010438927392258,0.040040320853069744
45311.957031,1724287.4783998355,01/20/2024,8.306685185758145,0.04554670584803944,0.036446610963796644
45312.0,1728000.0,01/21/2024,8.31626134913832,0.050100207938022834,0.040144044079934105
45312.042969,1731712.5216001645,01/21/2024,8.32578004393258,0.050097995466011014,0.04019930103656222
45312.082031,1735087.4783998355,01/21/2024,8.33436058389604,0.04554089484870971,0.03659035491446261
45312.125,1738800.0,01/21/2024,8.343783097499301,0.05009381673651703,0.040301303550979384
45312.167969,1742512.5216001645,01/21/2024,8.353149044666605,0.050091605295328634,0.04035565826867682
45312.207031,1745887.4783998355,01/21/2024,8.361592404964824,0.04553508607771661,0.03673172572284855
45312.25,1749600.0,01/21/2024,8.37086386518964,0.050087427926666095,0.04045596793726958
45312.292969,1753312.5216001645,01/21/2024,8.380089630937587,0.05008521777917352,0.04050945185019472
45312.332031,1756687.4783998355,01/21/2024,8.388398098309544,0.0455292807138008,0.03687081357421107
45312.375,1760400.0,01/21/2024,8.397520954613618,0.050081042547542864,0.04060818588559201
45312.417969,1764112.5216001645,01/21/2024,8.40659892545425,0.05007883331801821,0.04066086267303959
45312.457031,1767487.4783998355,01/21/2024,8.414774649106942,0.04552347731259232,0.037007753231982576
45312.5,1771200.0,01/21/2024,8.423751273457773,0.05007465956003898,0.04075803570178138
45312.542969,1774912.5216001645,01/21/2024,8.432683842634466,0.05007245151812256,0.04080988165090105
45312.582031,1778287.4783998355,01/21/2024,8.440729012802688,0.04551767601707368,0.03714250637503369
45312.625,1782000.0,01/21/2024,8.449561826722109,0.05006827911208944,0.040905465602463664
45312.667969,1785712.5216001645,01/21/2024,8.458351420915221,0.050066071953455804,0.040956477523891976
45312.707031,1789087.4783998355,01/21/2024,8.466268234215663,0.04551187751121688,0.03727506440749906
45312.75,1792800.0,01/21/2024,8.474959633164453,0.05006190143468814,0.041050502554210055
45312.792969,1796512.5216001645,01/21/2024,8.483608636375964,0.05005969480979999,0.04110069178507203
45312.832031,1799887.4783998355,01/21/2024,8.491399282613937,0.04550608089877528,0.03740543400925134
45312.875,1803600.0,01/21/2024,8.499951722610515,0.050055525508064136,0.04119308549487144
45312.917969,1807312.5216001645,01/21/2024,8.508462631946134,0.050053319940357,0.04124241010500995
45312.957031,1810687.4783998355,01/21/2024,8.516129373473078,0.045500286085317754,0.037533544871685365
45313.0,1814400.0,01/22/2024,8.524545303093218,0.05004915210163574,0.041333222536508174
45313.042969,1818112.5216001645,01/22/2024,8.53291051582337,0.05004694701950996,0.0413817343852827
45313.082031,1821487.4783998355,01/22/2024,8.540455497210635,0.045494493769261624,0.03765951211815022
45313.125,1825200.0,01/22/2024,8.54873723813958,0.05004278084512137,0.04147103961896548
45313.167969,1828912.5216001645,01/22/2024,8.556969033264203,0.05004057646098303,0.04151878143935761
45313.207031,1832287.4783998355,01/22/2024,8.564394290834034,0.045488702804117764,0.03778344555432156
45313.25,1836000.0,01/22/2024,8.57254405618544,0.050036411646654955,0.041606645802719555
45313.292969,1839712.5216001645,01/22/2024,8.58064462714962,0.0500342079540097,0.04165363661485344
45313.332031,1843087.4783998355,01/22/2024,8.587952125102852,0.04548291392856996,0.037905416560903404
45313.375,1846800.0,01/22/2024,8.5959720126958,0.050030044389327344,0.04174015671384268
45313.417969,1850512.5216001645,01/22/2024,8.603943369919254,0.05002784136191707,0.041786483798599505
45313.457031,1853887.4783998355,01/22/2024,8.611124884215705,0.045477126531757506,0.038025612269706244
45313.5,1857600.0,01/22/2024,8.619016833249438,0.050023679029408186,0.04187172979089482
45313.542969,1861312.5216001645,01/22/2024,8.626860940509665,0.05002147636220755,0.04191736937086432
45313.582031,1864687.4783998355,01/22/2024,8.633928279936782,0.04547134107432882,0.03814400129955331
45313.625,1868400.0,01/22/2024,8.641694298428394,0.0500173152180281,0.04200129623638915
45313.667969,1872112.5216001645,01/22/2024,8.649413171240848,0.05001511343488829,0.04204624082606401
45313.707031,1875487.4783998355,01/22/2024,8.656368170391891,0.045465556984453315,0.0382605578133024
45313.75,1879200.0,01/22/2024,8.66400026121839,0.05001095341323847,0.04212886210143196
45313.792969,1882912.5216001645,01/22/2024,8.671595874009467,0.05000875196657617,0.042173139180277985
45313.832031,1886287.4783998355,01/22/2024,8.678440312091393,0.04545977467836693,0.038375336552896044
45313.875,1890000.0,01/22/2024,8.685950461880687,0.050004592780474866,0.04225444314762328
45313.917969,1893712.5216001645,01/22/2024,8.69341487243631,0.05000239216239066,0.042297981270124296
45313.957031,1897087.4783998355,01/22/2024,8.700140678152227,0.04545399363004066,0.038488187833845444
45314.0,1900800.0,01/23/2024,8.70752103169564,0.04999823403433368,0.04237788050323488
45314.042969,1904512.5216001645,01/23/2024,8.714866369958449,0.04999603398243835,0.04242069558334194
45314.082031,1907887.4783998355,01/23/2024,8.7214854490978,0.045448214295685574,0.03859913503835344
45314.125,1911600.0,01/23/2024,8.728748053300903,0.04999187715835518,0.042499273294705375
45314.167969,1915312.5216001645,01/23/2024,8.735966302952356,0.049989677340104066,0.04254142803510064
45314.207031,1918687.4783998355,01/23/2024,8.742470403632062,0.045442435577125906,0.03870833472347712
45314.25,1922400.0,01/23/2024,8.749607148012828,0.04998552150621194,0.04261877689662796
45314.292969,1926112.5216001645,01/23/2024,8.756710180455626,0.04998332251991755,0.04266029016585193
45314.332031,1929487.4783998355,01/23/2024,8.763110983762138,0.04543665927577578,0.038815856174270635
45314.375,1933200.0,01/23/2024,8.770133652576654,0.049979167098225474,0.042736497968675735
45314.417969,1936912.5216001645,01/23/2024,8.777113159322452,0.04997696858231038,0.04277746203607791
45314.457031,1940287.4783998355,01/23/2024,8.783402139136637,0.04543088350801128,0.03892190388733141
45314.5,1944000.0,01/23/2024,8.790302341404237,0.04997281466560821,0.042852612353790676
45314.542969,1947712.5216001645,01/23/2024,8.797159963135766,0.04997061637790878,0.04289299459525253
45314.582031,1951087.4783998355,01/23/2024,8.803348637484314,0.0454251095485283,0.039026435322199404
45314.625,1954800.0,01/23/2024,8.81013802042994,0.04996646308308783,0.04296708082094369
45314.667969,1958512.5216001645,01/23/2024,8.81688533867056,0.049964265537518315,0.043006947032068865
45314.707031,1961887.4783998355,01/23/2024,8.822965089830747,0.04541933630084216,0.03912958453031834
45314.75,1965600.0,01/23/2024,8.82974137738283,0.04996003966792273,0.04297409322881407
45314.792969,1969312.5216001645,01/23/2024,8.851755316500068,0.049956990303311244,0.027734187292342227
45314.832031,1972687.4783998355,01/23/2024,8.852618165010963,0.045412836604565854,0.014570203115830793
45314.875,1976400.0,01/23/2024,7.502225229800457,0.04995387448397892,0.024937115372335228
45314.917969,1980112.5216001645,01/23/2024,6.7503845863507035,0.04995119470608245,0.02401189905397416
45314.957031,1983487.4783998355,01/23/2024,6.280304845432589,0.045407520484843644,0.020537298689003336
45315.0,1987200.0,01/24/2024,5.960824692959319,0.049947206251616194,0.02150736613466364
45315.042969,1990912.5216001645,01/24/2024,5.725190813822758,0.04994501190303424,0.02065889579398572
45315.082031,1994287.4783998355,01/24/2024,5.542491511684128,0.045402074693072336,0.01824138021442323
45315.125,1998000.0,01/24/2024,5.4001420528385236,0.04994079849575073,0.019580261116114883
45315.167969,2001712.5216001645,01/24/2024,5.284486162774696,0.04993884229763523,0.019164738572570172
45315.207031,2005087.4783998355,01/24/2024,5.187692812840355,0.04539621826222984,0.017149574400391998
45315.25,2008800.0,01/24/2024,5.111130205797126,0.04993457220256303,0.01863718293507688
45315.292969,2012512.5216001645,01/24/2024,5.045889413951407,0.04993252207431098,0.018433318697724133
45315.332031,2015887.4783998355,01/24/2024,4.988376571472665,0.04539048869777673,0.01661333669629883
45315.375,2019600.0,01/24/2024,4.943542247283522,0.04992838221302165,0.018152712311174213
45315.417969,2023312.5216001645,01/24/2024,4.90642400847198,0.04992618703296259,0.01806443093860466
45315.457031,2026687.4783998355,01/24/2024,4.871536977707136,0.045384722609892236,0.0163617569026826
45315.5,2030400.0,01/24/2024,4.844573374115523,0.04992203954151364,0.01794564654259645
45315.542969,2034112.5216001645,01/24/2024,4.82239718882485,0.04991984501827318,0.01790603306823968
45315.582031,2037487.4783998355,01/24/2024,4.801795554525359,0.045378957345231896,0.016260596234531022
45315.625,2041200.0,01/24/2024,4.788246651815523,0.04991569801604001,0.017884607414231368
45315.667969,2044912.5216001645,01/24/2024,4.777968945981108,0.0499135038928884,0.01790121604463124
45315.707031,2048287.4783998355,01/24/2024,4.766967982641102,0.0453731928616925,0.0162941617186263
45315.75,2052000.0,01/24/2024,4.761035003243922,0.04990935760531556,0.01795234262946721
45315.792969,2055712.5216001645,01/24/2024,4.75719380827805,0.04990716389981387,0.017988363962224696
45315.832031,2059087.4783998355,01/24/2024,4.752470388620512,0.04536742993967735,0.01639085716008637
45315.875,2062800.0,01/24/2024,4.752573936421522,0.04990301836696176,0.018079478680011363
45315.917969,2066512.5216001645,01/24/2024,4.754497237823275,0.049900825018056594,0.018137531150660635
45315.957031,2069887.4783998355,01/24/2024,4.75526433076112,0.045361667500838365,0.016544580595329705
45316.0,2073600.0,01/25/2024,4.760532317739521,0.049896680490221,0.018268699561652113
45316.042969,2077312.5216001645,01/25/2024,4.7671968333049755,0.0498944869703557,0.01834997744126099
45316.082031,2080687.4783998355,01/25/2024,4.771907993615708,0.0453559063235609,0.016754750395556073
45316.125,2084400.0,01/25/2024,4.78028498465112,0.049890343150064353,0.018513356850458962
45316.167969,2088112.5216001645,01/25/2024,4.789470946318922,0.04988815055936158,0.01860219349136827
45316.207031,2091487.4783998355,01/25/2024,4.7966017796192055,0.045350146132488334,0.0169893161043575
45316.25,2095200.0,01/25/2024,4.80733746330092,0.04988400717676811,0.01877832731415907
45316.292969,2098912.5216001645,01/25/2024,4.8188043025208405,0.04988181467179231,0.018874979136906944
45316.332031,2102287.4783998355,01/25/2024,4.82817473711812,0.045344386643218826,0.01724395456980332
45316.375,2106000.0,01/25/2024,4.841036677866921,0.04987767195672532,0.019065734161841874
45316.417969,2109712.5216001645,01/25/2024,4.854552231204712,0.049875480113488635,0.01916992907424131
45316.457031,2113087.4783998355,01/25/2024,4.865912654599288,0.04533862836039404,0.017518207116225426
45316.5,2116800.0,01/25/2024,4.880650050722721,0.0498713381058522,0.01937394390577296
45316.542969,2120512.5216001645,01/25/2024,4.89595432274054,0.049869146309013956,0.019484876485098113
45316.582031,2123887.4783998355,01/25/2024,4.909056939794269,0.04533287077393666,0.017810255786670837
45316.625,2127600.0,01/25/2024,4.92540963790932,0.049865004985846895,0.01970230838226783
45316.667969,2131312.5216001645,01/25/2024,4.942111930661024,0.04986281354505806,0.019820522663160034
45316.707031,2134687.4783998355,01/25/2024,4.956329684392449,0.04532711414106316,0.018119362439897202
45316.75,2138400.0,01/25/2024,4.973504431818725,0.049858672863166476,0.02004392679898359
45316.792969,2142112.5216001645,01/25/2024,4.990908824434184,0.049856482094917,0.020162091036759477
45316.832031,2145487.4783998355,01/25/2024,5.005850040439801,0.04532135865885678,0.018430143957751
45316.875,2149200.0,01/25/2024,5.023705951357325,0.04985234207354594,0.020386432387368814
45316.917969,2152912.5216001645,01/25/2024,5.041770578921337,0.04985015134573345,0.020505525184400852
45316.957031,2156287.4783998355,01/25/2024,5.057392947271975,0.045315603864988674,0.018743236726901813
45317.0,2160000.0,01/26/2024,5.075867055347924,0.049846011983802896,0.02073190481753784
45317.042969,2163712.5216001645,01/26/2024,5.0945387026952265,0.04984382132522569,0.02085217503815784
45317.082031,2167087.4783998355,01/26/2024,5.110769239208134,0.04530984996052112,0.019059314469444644
45317.125,2170800.0,01/26/2024,5.129808312258522,0.04983968261145222,0.021080610285757473
45317.167969,2174512.5216001645,01/26/2024,5.149013870388416,0.04983749258960657,0.021201935852715792
45317.207031,2177887.4783998355,01/26/2024,5.165789867080841,0.04530409693291659,0.01937810114871752
45317.25,2181600.0,01/26/2024,5.185321084643922,0.04983335451203885,0.021432137392565664
45317.292969,2185312.5216001645,01/26/2024,5.204997915499019,0.049831165104556874,0.0215543351351819
45317.332031,2188687.4783998355,01/26/2024,5.222257142329614,0.04529834507977171,0.019699118967299256
45317.375,2192400.0,01/26/2024,5.24221821815752,0.049827027399032886,0.02178595232095759
45317.417969,2196112.5216001645,01/26/2024,5.262304186169041,0.04982483830800888,0.02190887086482718
45317.457031,2199487.4783998355,01/26/2024,5.2799847523687085,0.045292593582104246,0.02002202765162764
45317.5,2203200.0,01/26/2024,5.300313443604521,0.04982070122558113,0.022142010644305543
45317.542969,2206912.5216001645,01/26/2024,5.320745653170681,0.04981851218848021,0.022266303502114226
45317.582031,2210287.4783998355,01/26/2024,5.33877418169358,0.045286842963740526,0.020348314689595526
45317.625,2214000.0,01/26/2024,5.359316594488321,0.049814376024890805,0.02250196373348956
45317.667969,2217712.5216001645,01/26/2024,5.379862560257168,0.04981218731706605,0.022626222294164222
45317.707031,2221087.4783998355,01/26/2024,5.397959002271975,0.0452810934753316,0.0206746518317118
45317.75,2224800.0,01/26/2024,5.418527291698323,0.04980805178723813,0.02285976270052359
45317.792969,2228512.5216001645,01/26/2024,5.439100196175525,0.04980586313353541,0.022982958933727815
45317.832031,2231887.4783998355,01/26/2024,5.457247429793245,0.045275344590166355,0.02099811191063239
45317.875,2235600.0,01/26/2024,5.477834461565923,0.0498017284709249,0.023214697073637325
45317.917969,2239312.5216001645,01/26/2024,5.498416969364019,0.04979954016539523,0.02333703290390332
45317.957031,2242687.4783998355,01/26/2024,5.516607298443782,0.045269597091056824,0.02131926839519238
45318.0,2246400.0,01/27/2024,5.537195514820725,0.049795405579040164,0.02356718978290573
45318.042969,2250112.5216001645,01/27/2024,5.557780012389209,0.049793217855146565,0.023688720461080948
45318.082031,2253487.4783998355,01/27/2024,5.575995595106944,0.04526384992038146,0.02163826722772555
45318.125,2257200.0,01/27/2024,5.596577376885927,0.049789084440334364,0.02391730281518889
45318.167969,2260912.5216001645,01/27/2024,5.617146266777327,0.04978689647150247,0.024038007183420973
45318.207031,2264287.4783998355,01/27/2024,5.635379314008105,0.04525810332145852,0.021955056482333646
45318.25,2268000.0,01/27/2024,5.655937137662129,0.04978276368454715,0.024264940002247215
45318.292969,2271712.5216001645,01/27/2024,5.676482943689129,0.04978057630776789,0.024384770653472998
45318.332031,2275087.4783998355,01/27/2024,5.694715760158836,0.04525235786309878,0.02226954132493475
45318.375,2278800.0,01/27/2024,5.7152420770255254,0.04977644354737265,0.024610126378391328
45318.417969,2282512.5216001645,01/27/2024,5.735747063227969,0.04977425680430514,0.02472927071706721
45318.457031,2285887.4783998355,01/27/2024,5.7539715125046715,0.04524661347841885,0.022582164667035443
45318.5,2289600.0,01/27/2024,5.77443822684153,0.04977012466009967,0.02495341055949396
45318.542969,2293312.5216001645,01/27/2024,5.794884228987181,0.049767938217463836,0.02507193643214478
45318.582031,2296687.4783998355,01/27/2024,5.81308193489259,0.04524086968289254,0.02289316388898399
45318.625,2300400.0,01/27/2024,5.833490763805136,0.049763806384518716,0.025294977354867854
45318.667969,2304112.5216001645,01/27/2024,5.853869423136466,0.04976162025966602,0.025412961446903637
45318.707031,2307487.4783998355,01/27/2024,5.872021909665143,0.04523512647735117,0.023202639975213657
45318.75,2311200.0,01/27/2024,5.892354655582135,0.049757489561599755,0.02563474396308507
45318.792969,2314912.5216001645,01/27/2024,5.912647945823103,0.049755303492439396,0.025752012792434442
45318.832031,2318287.4783998355,01/27/2024,5.930747078608263,0.045229384353483226,0.023510251953634764
45318.875,2322000.0,01/27/2024,5.950985744062333,0.04975117313396282,0.02597250785952454
45318.917969,2325712.5216001645,01/27/2024,5.971185472806884,0.04974898736578126,0.026089258541919236
45318.957031,2329087.4783998355,01/27/2024,5.989212620749903,0.04522364279005586,0.02381649478136083
45319.0,2332800.0,01/28/2024,6.009348409332132,0.04974485786964067,0.026309069778719163
45319.042969,2336512.5216001645,01/28/2024,6.029425680539843,0.04974267244186592,0.026425401489117206
45319.082031,2339887.4783998355,01/28/2024,6.047322223335534,0.04521790256421099,0.02412136001832721
45319.125,2343600.0,01/28/2024,6.067267449536329,0.04973854327467819,0.026643317308554515
45319.167969,2347312.5216001645,01/28/2024,6.087135508330478,0.04973635839606061,0.02675829985519229
45319.207031,2350687.4783998355,01/28/2024,6.104864811678446,0.04521216240645742,0.02442285873333816
45319.25,2354400.0,01/28/2024,6.124603279148529,0.049732229803623795,0.026973762588667682
45319.292969,2358112.5216001645,01/28/2024,6.1442757966697545,0.04973004498402389,0.027087527415559975
45319.332031,2361487.4783998355,01/28/2024,6.161831087740296,0.04520642330086133,0.0247211324312282
45319.375,2365200.0,01/28/2024,6.181376239229927,0.049725916998930586,0.02730076543240756
45319.417969,2368912.5216001645,01/28/2024,6.20084657596175,0.04972373248445905,0.027413396508553234
45319.457031,2372287.4783998355,01/28/2024,6.218240874637781,0.04520068530872123,0.02501638675186868
45319.5,2376000.0,01/28/2024,6.237586023859929,0.049719605063913264,0.027624456244378592
45319.542969,2379712.5216001645,01/28/2024,6.256857496843123,0.049717421157623676,0.027735947701927444
45319.582031,2383087.4783998355,01/28/2024,6.274073818222218,0.045194948099698706,0.02530862651988741
45319.625,2386800.0,01/28/2024,6.2932122761215314,0.04971329435021943,0.027944836705788845
45319.667969,2390512.5216001645,01/28/2024,6.312278191085918,0.04971111043697363,0.02805519600396522
45319.707031,2393887.4783998355,01/28/2024,6.329329540236996,0.04518921145960775,0.025597862235933633
45319.75,2397600.0,01/28/2024,6.348274618643131,0.04970698422609843,0.02826190540490714
45319.792969,2401312.5216001645,01/28/2024,6.367138299596705,0.04970480062515037,0.028371120072542055
45319.832031,2404687.4783998355,01/28/2024,6.38400772169015,0.04518347536971845,0.025884053601142654
45319.875,2408400.0,01/28/2024,6.402742804906538,0.04970067497088593,0.028575591728305483
45319.917969,2412112.5216001645,01/28/2024,6.4214076671503655,0.0496984916972707,0.02868362966241378
45319.957031,2415487.4783998355,01/28/2024,6.438108263816188,0.045177740617781126,0.026167143567416673
45320.0,2419200.0,01/29/2024,6.456636734938137,0.04969436636579161,0.028885895023773145
45320.042969,2422912.5216001645,01/29/2024,6.475096126030042,0.04969218367075712,0.02899279258978993
45320.082031,2426287.4783998355,01/29/2024,6.491620917086609,0.04517200641182484,0.026447215308106564
45320.125,2430000.0,01/29/2024,6.509946082642937,0.04968805918765895,0.029192892944902127
45320.167969,2433712.5216001645,01/29/2024,6.528203293926097,0.04968587622526144,0.029298665051090467
45320.207031,2437087.4783998355,01/29/2024,6.544545260398669,0.04516627247340921,0.026724306547439625
45320.25,2440800.0,01/29/2024,6.562670381545736,0.04968175234397165,0.029496631110671245
45320.292969,2444512.5216001645,01/29/2024,6.5807186460856215,0.049679569980966676,0.02960130556771645
45320.332031,2447887.4783998355,01/29/2024,6.596890689199737,0.04516053990148805,0.02699849708795199
45320.375,2451600.0,01/29/2024,6.614808912711137,0.04967544635998422,0.02979722281673247
45320.417969,2455312.5216001645,01/29/2024,6.632651348974015,0.04967326431332708,0.029900827934763896
45320.457031,2458687.4783998355,01/29/2024,6.648636342402691,0.04515480783965131,0.027269814759556255
45320.5,2462400.0,01/29/2024,6.666350949077938,0.049669141305578535,0.030094534844078424
45320.542969,2466112.5216001645,01/29/2024,6.68399102694657,0.049666959824243406,0.030196881558097743
45320.582031,2469487.4783998355,01/29/2024,6.699802266137933,0.045149076878686856,0.027537837704329604
45320.625,2473200.0,01/29/2024,6.717306981894536,0.04966283710943031,0.030388121335171547
45320.667969,2476912.5216001645,01/29/2024,6.734738468718556,0.04966065566903666,0.03048916869064655
45320.707031,2480287.4783998355,01/29/2024,6.750369379177906,0.045143346421347985,0.02780243575333685
45320.75,2484000.0,01/29/2024,6.767667948487736,0.04965653408537918,0.030677964688017312
45320.792969,2487712.5216001645,01/29/2024,6.784894556938664,0.049654352950895486,0.030777744308963406
45320.832031,2491087.4783998355,01/29/2024,6.800348494769741,0.0451376168044888,0.028063678715540163
45320.875,2494800.0,01/29/2024,6.8174345864017365,0.04965023163592974,0.030964140179897015
45320.917969,2498512.5216001645,01/29/2024,6.834449927239062,0.04964805082521906,0.03106270976468295
45320.957031,2501887.4783998355,01/29/2024,6.849720080816251,0.04513188795522183,0.028321734353973227
45321.0,2505600.0,01/30/2024,6.866597050925137,0.0496439301106264,0.03124695983094128
45321.042969,2509312.5216001645,01/30/2024,6.883404296223235,0.04964174957135725,0.03134450402311728
45321.082031,2512687.4783998355,01/30/2024,6.898493409980237,0.04512615965968081,0.02857704608261713
45321.125,2516400.0,01/30/2024,6.915164191894734,0.04963762915843262,0.03152684755426094
45321.167969,2520112.5216001645,01/30/2024,6.931756277716165,0.04963544893006855,0.03162336305959457
45321.207031,2523487.4783998355,01/30/2024,6.946637113155218,0.04512043242892361,0.02882959711594779
45321.25,2527200.0,01/30/2024,6.963074924153734,0.0496313293734687,0.0318035180328593
45321.292969,2530912.5216001645,01/30/2024,6.979425301023996,0.04962914945858188,0.03189877298981614
45321.332031,2534287.4783998355,01/30/2024,6.994101134463545,0.04511470625750036,0.02907887283233279
45321.375,2538000.0,01/30/2024,7.010309668059934,0.04962503047773481,0.03207649734025253
45321.417969,2541712.5216001645,01/30/2024,7.0264320707824535,0.049622850857687695,0.032170447629194854
45321.457031,2545087.4783998355,01/30/2024,7.040906343079238,0.045108980361128204,0.029324708526960563
45321.5,2548800.0,01/30/2024,7.056879397926531,0.049618732431369494,0.03234567764704721
45321.542969,2552512.5216001645,01/30/2024,7.072777607167602,0.04961655284758848,0.03243834354543296
45321.582031,2555887.4783998355,01/30/2024,7.087043719617643,0.04510325526420189,0.029567142876437913
45321.625,2559600.0,01/30/2024,7.102795025301928,0.049612434710425646,0.032611129836123354
45321.667969,2563312.5216001645,01/30/2024,7.118462775093443,0.049610255706866724,0.03270250600843028
45321.707031,2566687.4783998355,01/30/2024,7.1325341216159455,0.04509753096306923,0.0298061844092814
45321.75,2570400.0,01/30/2024,7.148057394486532,0.049606138154615564,0.032872865115493255
45321.792969,2574112.5216001645,01/30/2024,7.163498389580125,0.049603960011864956,0.03296296463337001
45321.832031,2577487.4783998355,01/30/2024,7.1773683594473745,0.04509180772276977,0.030041837964159157
45321.875,2581200.0,01/30/2024,7.192667373037333,0.04959984276147367,0.0331308294172743
45321.917969,2584912.5216001645,01/30/2024,7.207895423889132,0.04959766464437365,0.03321961364278536
45321.957031,2588287.4783998355,01/30/2024,7.2215674727760835,0.045086085013217314,0.030274036651000813
45322.0,2592000.0,01/31/2024,7.236645998312534,0.049593548219284855,0.03338502280581679
45322.042969,2595712.5216001645,01/31/2024,7.251654836805356,0.04959137012485826,0.03347253104957559
45322.082031,2599087.4783998355,01/31/2024,7.2651323329302055,0.04508036308611452,0.030502867119640342
45322.125,2602800.0,01/31/2024,7.2799940507269305,0.0495872540347051,0.03363553616078008
45322.167969,2606512.5216001645,01/31/2024,7.294787343623801,0.04958507593201489,0.03372178286889138
45322.207031,2609887.4783998355,01/31/2024,7.308073612046355,0.045074641969669926,0.03072837352717528
45322.25,2613600.0,01/31/2024,7.322722171435936,0.049580960975404764,0.03388240165153178
45322.292969,2617312.5216001645,01/31/2024,7.3373035428273585,0.049578783463957166,0.033967412016938425
45322.332031,2620687.4783998355,01/31/2024,7.350401841020393,0.045068921666008066,0.030950623530806354
45322.375,2624400.0,01/31/2024,7.364840773231936,0.04957466876614802,0.03412573678745545
45322.417969,2628112.5216001645,01/31/2024,7.379203707942477,0.0495724915840654,0.034209557199265106
45322.457031,2631487.4783998355,01/31/2024,7.392117192820999,0.045063202120743995,0.03116971719526518
45322.5,2635200.0,01/31/2024,7.406349982262737,0.049568377471260305,0.03436558860226668
45322.542969,2638912.5216001645,01/31/2024,7.420507991623898,0.0495662005664812,0.03444819110483266
45322.582031,2642287.4783998355,01/31/2024,7.433229867633132,0.04505748312630686,0.03138560765971121
45322.625,2646000.0,01/31/2024,7.447250040959137,0.04956208674342122,0.034601913583856
45322.667969,2649712.5216001645,01/31/2024,7.461206642978992,0.04955991015521022,0.034683307824675325
45322.707031,2653087.4783998355,01/31/2024,7.473750104335309,0.04505176518799914,0.03159830343299319
45322.75,2656800.0,01/31/2024,7.487571178302334,0.04955579717895375,0.034834723702729775
45322.792969,2660512.5216001645,01/31/2024,7.50131990394333,0.04955362060577073,0.03491489505606182
45322.832031,2663887.4783998355,01/31/2024,7.513678185491296,0.045046048044135034,0.03180776618276937
45322.875,2667600.0,01/31/2024,7.527293756648739,0.04954950821185378,0.03506393733957225
45322.917969,2671312.5216001645,01/31/2024,7.540838236176214,0.04954733192431604,0.035142852844455064
45322.957031,2674687.4783998355,01/31/2024,7.553014634424004,0.045040331167520264,0.032013933215839785
45323.0,2678400.0,02/01/2024,7.5664382961073375,0.049543220371290886,0.03528955854890725
45323.042969,2682112.5216001645,02/01/2024,7.579792075043702,0.0495410444028721,0.035367266024021404
45323.082031,2685487.4783998355,02/01/2024,7.591799778280992,0.045034615626946106,0.03221691220013767
45323.125,2689200.0,02/01/2024,7.605025001562133,0.04953693285042249,0.03551171033384293
45323.167969,2692912.5216001645,02/01/2024,7.6181815150661745,0.04953475718845368,0.03558824402656313
45323.207031,2696287.4783998355,02/01/2024,7.630013623838673,0.04502890031964313,0.032416791990602434
45323.25,2700000.0,02/01/2024,7.643043801059537,0.04953064676968921,0.03573046956403303
45323.292969,2703712.5216001645,02/01/2024,7.656006415760919,0.04952847169424501,0.03580585683692661
45323.332031,2707087.4783998355,02/01/2024,7.6676659414305615,0.04502318634552438,0.03261366062916338
45323.375,2710800.0,02/01/2024,7.6805043183487385,0.04952436100833779,0.0359459841911125
45323.417969,2714512.5216001645,02/01/2024,7.6932762212884445,0.049522186224258746,0.036020282922994085
45323.457031,2717887.4783998355,02/01/2024,7.704766043947581,0.045017472640985545,0.0328076497666423
45323.5,2721600.0,02/01/2024,7.717415786019735,0.04951807637325345,0.036158334134761105
45323.542969,2725312.5216001645,02/01/2024,7.730000140038596,0.04951590189808286,0.03623154786768623
45323.582031,2728687.4783998355,02/01/2024,7.741323129504414,0.04501176025365794,0.03299877089535386
45323.625,2732400.0,02/01/2024,7.753787390149338,0.04951179236802261,0.03636753163496209
45323.667969,2736112.5216001645,02/01/2024,7.766177346533512,0.04950961789353414,0.036439661562706505
45323.707031,2739487.4783998355,02/01/2024,7.777326358266237,0.045006048148721334,0.033187037054062785
45323.75,2743200.0,02/01/2024,7.78959824928614,0.049505509735283226,0.03657361764683387
45323.792969,2746912.5216001645,02/01/2024,7.801806876832186,0.049503335591246866,0.03664470784392293
45323.832031,2750287.4783998355,02/01/2024,7.8127946714317975,0.04500033680060511,0.033372541891491636
45323.875,2754000.0,02/01/2024,7.824887219991737,0.049499227735502416,0.03677667919459182
45323.917969,2757712.5216001645,02/01/2024,7.8369175531111175,0.049497053591778695,0.036846720627252694
45323.957031,2761087.4783998355,02/01/2024,7.847746884609089,0.04499462652584185,0.0335552947313289
45324.0,2764800.0,02/02/2024,7.859653023491131,0.049492626060462896,0.036976487546219516
