NODE_NUM, TIME, DATE, HOUR, X, Y, CONC1, CONC2, CONC3, CONC4, CONC5 
1 ,45292. ,01/01/2024 ,.0000 ,.0000 ,101.00 ,.0000 ,.0000 ,22.923 ,7.7978 ,16.759 ,
6 ,45292. ,01/01/2024 ,.0000 ,.0000 ,100.00 ,.0000 ,.0000 ,22.923 ,7.7978 ,16.759 ,
11 ,45292. ,01/01/2024 ,.0000 ,.0000 ,99.000 ,.0000 ,.0000 ,22.923 ,7.7978 ,16.759 ,
16 ,45292. ,01/01/2024 ,.0000 ,.0000 ,98.000 ,.0000 ,.0000 ,22.923 ,7.7978 ,16.759 ,
21 ,45292. ,01/01/2024 ,.0000 ,.0000 ,97.000 ,.0000 ,.0000 ,22.923 ,7.7978 ,16.759 ,
26 ,45292. ,01/01/2024 ,.0000 ,.0000 ,96.000 ,.0000 ,.0000 ,22.923 ,7.7978 ,16.759 ,
31 ,45292. ,01/01/2024 ,.0000 ,.0000 ,95.000 ,.0000 ,.0000 ,22.923 ,7.7978 ,16.759 ,
36 ,45292. ,01/01/2024 ,.0000 ,.0000 ,94.000 ,.0000 ,.0000 ,22.923 ,7.7978 ,16.759 ,
41 ,45292. ,01/01/2024 ,.0000 ,.0000 ,93.000 ,.0000 ,.0000 ,22.923 ,7.7978 ,16.759 ,
46 ,45292. ,01/01/2024 ,.0000 ,.0000 ,92.000 ,.0000 ,.0000 ,22.923 ,7.7978 ,16.759 ,
51 ,45292. ,01/01/2024 ,.0000 ,.0000 ,91.000 ,.0000 ,.0000 ,22.923 ,7.7978 ,16.759 ,
56 ,45292. ,01/01/2024 ,.0000 ,.0000 ,90.000 ,.0000 ,.0000 ,22.923 ,7.7978 ,16.759 ,
61 ,45292. ,01/01/2024 ,.0000 ,.0000 ,89.000 ,.0000 ,.0000 ,22.923 ,7.7978 ,16.759 ,
66 ,45292. ,01/01/2024 ,.0000 ,.0000 ,88.000 ,.0000 ,.0000 ,22.923 ,7.7978 ,16.759 ,
71 ,45292. ,01/01/2024 ,.0000 ,.0000 ,87.000 ,.0000 ,.0000 ,22.923 ,7.7978 ,16.759 ,
76 ,45292. ,01/01/2024 ,.0000 ,.0000 ,86.000 ,.0000 ,.0000 ,22.923 ,7.7978 ,16.759 ,
81 ,45292. ,01/01/2024 ,.0000 ,.0000 ,85.000 ,.0000 ,.0000 ,22.923 ,7.7978 ,16.759 ,
86 ,45292. ,01/01/2024 ,.0000 ,.0000 ,84.000 ,.0000 ,.0000 ,22.923 ,7.7978 ,16.759 ,
91 ,45292. ,01/01/2024 ,.0000 ,.0000 ,83.000 ,.0000 ,.0000 ,22.923 ,7.7978 ,16.759 ,
96 ,45292. ,01/01/2024 ,.0000 ,.0000 ,82.000 ,.0000 ,.0000 ,22.923 ,7.7978 ,16.759 ,
101 ,45292. ,01/01/2024 ,.0000 ,.0000 ,81.000 ,.0000 ,.0000 ,22.923 ,7.7978 ,16.759 ,
106 ,45292. ,01/01/2024 ,.0000 ,.0000 ,80.000 ,.0000 ,.0000 ,22.923 ,7.7978 ,16.759 ,
111 ,45292. ,01/01/2024 ,.0000 ,.0000 ,79.000 ,.0000 ,.0000 ,22.923 ,7.7978 ,16.759 ,
116 ,45292. ,01/01/2024 ,.0000 ,.0000 ,78.000 ,.0000 ,.0000 ,22.923 ,7.7978 ,16.759 ,
121 ,45292. ,01/01/2024 ,.0000 ,.0000 ,77.000 ,.0000 ,.0000 ,22.923 ,7.7978 ,16.759 ,
126 ,45292. ,01/01/2024 ,.0000 ,.0000 ,76.000 ,.0000 ,.0000 ,22.923 ,7.7978 ,16.759 ,
131 ,45292. ,01/01/2024 ,.0000 ,.0000 ,75.000 ,.0000 ,.0000 ,22.923 ,7.7978 ,16.759 ,
136 ,45292. ,01/01/2024 ,.0000 ,.0000 ,74.000 ,.0000 ,.0000 ,22.923 ,7.7978 ,16.759 ,
141 ,45292. ,01/01/2024 ,.0000 ,.0000 ,73.000 ,.0000 ,.0000 ,22.923 ,7.7978 ,16.759 ,
146 ,45292. ,01/01/2024 ,.0000 ,.0000 ,72.000 ,.0000 ,.0000 ,22.923 ,7.7978 ,16.759 ,
151 ,45292. ,01/01/2024 ,.0000 ,.0000 ,71.000 ,.0000 ,.0000 ,22.923 ,7.7978 ,16.759 ,
156 ,45292. ,01/01/2024 ,.0000 ,.0000 ,70.000 ,.0000 ,.0000 ,22.923 ,7.7978 ,16.759 ,
161 ,45292. ,01/01/2024 ,.0000 ,.0000 ,69.000 ,.0000 ,.0000 ,22.923 ,7.7978 ,16.759 ,
166 ,45292. ,01/01/2024 ,.0000 ,.0000 ,68.000 ,.0000 ,.0000 ,22.923 ,7.7978 ,16.759 ,
171 ,45292. ,01/01/2024 ,.0000 ,.0000 ,67.000 ,.0000 ,.0000 ,22.923 ,7.7978 ,16.759 ,
176 ,45292. ,01/01/2024 ,.0000 ,.0000 ,66.000 ,.0000 ,.0000 ,22.923 ,7.7978 ,16.759 ,
181 ,45292. ,01/01/2024 ,.0000 ,.0000 ,65.000 ,.0000 ,.0000 ,22.923 ,7.7978 ,16.759 ,
186 ,45292. ,01/01/2024 ,.0000 ,.0000 ,64.000 ,.0000 ,.0000 ,22.923 ,7.7978 ,16.759 ,
191 ,45292. ,01/01/2024 ,.0000 ,.0000 ,63.000 ,.0000 ,.0000 ,22.923 ,7.7978 ,16.759 ,
196 ,45292. ,01/01/2024 ,.0000 ,.0000 ,62.000 ,.0000 ,.0000 ,22.923 ,7.7978 ,16.759 ,
201 ,45292. ,01/01/2024 ,.0000 ,.0000 ,61.000 ,.0000 ,.0000 ,22.923 ,7.7978 ,16.759 ,
206 ,45292. ,01/01/2024 ,.0000 ,.0000 ,60.000 ,.0000 ,.0000 ,22.923 ,7.7978 ,16.759 ,
211 ,45292. ,01/01/2024 ,.0000 ,.0000 ,59.000 ,.0000 ,.0000 ,22.923 ,7.7978 ,16.759 ,
216 ,45292. ,01/01/2024 ,.0000 ,.0000 ,58.000 ,.0000 ,.0000 ,22.923 ,7.7978 ,16.759 ,
221 ,45292. ,01/01/2024 ,.0000 ,.0000 ,57.000 ,.0000 ,.0000 ,22.923 ,7.7978 ,16.759 ,
226 ,45292. ,01/01/2024 ,.0000 ,.0000 ,56.000 ,.0000 ,.0000 ,22.923 ,7.7978 ,16.759 ,
231 ,45292. ,01/01/2024 ,.0000 ,.0000 ,55.000 ,.0000 ,.0000 ,22.923 ,7.7978 ,16.759 ,
236 ,45292. ,01/01/2024 ,.0000 ,.0000 ,54.000 ,.0000 ,.0000 ,22.923 ,7.7978 ,16.759 ,
241 ,45292. ,01/01/2024 ,.0000 ,.0000 ,53.000 ,.0000 ,.0000 ,22.923 ,7.7978 ,16.759 ,
246 ,45292. ,01/01/2024 ,.0000 ,.0000 ,52.000 ,.0000 ,.0000 ,22.923 ,7.7978 ,16.759 ,
251 ,45292. ,01/01/2024 ,.0000 ,.0000 ,50.500 ,.0000 ,.0000 ,22.923 ,7.7978 ,16.759 ,
256 ,45292. ,01/01/2024 ,.0000 ,.0000 ,49.000 ,.0000 ,.0000 ,22.923 ,7.7978 ,16.759 ,
261 ,45292. ,01/01/2024 ,.0000 ,.0000 ,48.000 ,.0000 ,.0000 ,22.923 ,7.7978 ,16.759 ,
266 ,45292. ,01/01/2024 ,.0000 ,.0000 ,47.000 ,.0000 ,.0000 ,22.923 ,7.7978 ,16.759 ,
271 ,45292. ,01/01/2024 ,.0000 ,.0000 ,46.000 ,.0000 ,.0000 ,22.923 ,7.7978 ,16.759 ,
276 ,45292. ,01/01/2024 ,.0000 ,.0000 ,45.000 ,.0000 ,.0000 ,22.923 ,7.7978 ,16.759 ,
281 ,45292. ,01/01/2024 ,.0000 ,.0000 ,44.000 ,.0000 ,.0000 ,22.923 ,7.7978 ,16.759 ,
286 ,45292. ,01/01/2024 ,.0000 ,.0000 ,43.000 ,.0000 ,.0000 ,22.923 ,7.7978 ,16.759 ,
291 ,45292. ,01/01/2024 ,.0000 ,.0000 ,42.000 ,.0000 ,.0000 ,22.923 ,7.7978 ,16.759 ,
296 ,45292. ,01/01/2024 ,.0000 ,.0000 ,41.000 ,.0000 ,.0000 ,22.923 ,7.7978 ,16.759 ,
301 ,45292. ,01/01/2024 ,.0000 ,.0000 ,40.000 ,.0000 ,.0000 ,22.923 ,7.7978 ,16.759 ,
306 ,45292. ,01/01/2024 ,.0000 ,.0000 ,39.000 ,.0000 ,.0000 ,22.923 ,7.7978 ,16.759 ,
311 ,45292. ,01/01/2024 ,.0000 ,.0000 ,38.000 ,.0000 ,.0000 ,22.923 ,7.7978 ,16.759 ,
316 ,45292. ,01/01/2024 ,.0000 ,.0000 ,37.000 ,.0000 ,.0000 ,22.923 ,7.7978 ,16.759 ,
321 ,45292. ,01/01/2024 ,.0000 ,.0000 ,36.000 ,.0000 ,.0000 ,22.923 ,7.7978 ,16.759 ,
326 ,45292. ,01/01/2024 ,.0000 ,.0000 ,35.000 ,.0000 ,.0000 ,22.923 ,7.7978 ,16.759 ,
331 ,45292. ,01/01/2024 ,.0000 ,.0000 ,34.000 ,.0000 ,.0000 ,22.923 ,7.7978 ,16.759 ,
336 ,45292. ,01/01/2024 ,.0000 ,.0000 ,33.000 ,.0000 ,.0000 ,22.923 ,7.7978 ,16.759 ,
341 ,45292. ,01/01/2024 ,.0000 ,.0000 ,32.000 ,.0000 ,.0000 ,22.923 ,7.7978 ,16.759 ,
346 ,45292. ,01/01/2024 ,.0000 ,.0000 ,31.000 ,.0000 ,.0000 ,22.923 ,7.7978 ,16.759 ,
351 ,45292. ,01/01/2024 ,.0000 ,.0000 ,30.000 ,.0000 ,.0000 ,22.923 ,7.7978 ,16.759 ,
356 ,45292. ,01/01/2024 ,.0000 ,.0000 ,29.000 ,.0000 ,.0000 ,22.923 ,7.7978 ,16.759 ,
361 ,45292. ,01/01/2024 ,.0000 ,.0000 ,28.000 ,.0000 ,.0000 ,22.923 ,7.7978 ,16.759 ,
366 ,45292. ,01/01/2024 ,.0000 ,.0000 ,27.000 ,.0000 ,.0000 ,22.923 ,7.7978 ,16.759 ,
371 ,45292. ,01/01/2024 ,.0000 ,.0000 ,26.000 ,.0000 ,.0000 ,22.923 ,7.7978 ,16.759 ,
376 ,45292. ,01/01/2024 ,.0000 ,.0000 ,25.000 ,.0000 ,.0000 ,22.923 ,7.7978 ,16.759 ,
381 ,45292. ,01/01/2024 ,.0000 ,.0000 ,24.000 ,.0000 ,.0000 ,22.923 ,7.7978 ,16.759 ,
386 ,45292. ,01/01/2024 ,.0000 ,.0000 ,23.000 ,.0000 ,.0000 ,22.923 ,7.7978 ,16.759 ,
391 ,45292. ,01/01/2024 ,.0000 ,.0000 ,22.000 ,.0000 ,.0000 ,22.923 ,7.7978 ,16.759 ,
396 ,45292. ,01/01/2024 ,.0000 ,.0000 ,21.000 ,.0000 ,.0000 ,22.923 ,7.7978 ,16.759 ,
401 ,45292. ,01/01/2024 ,.0000 ,.0000 ,20.000 ,.0000 ,.0000 ,22.923 ,7.7978 ,16.759 ,
406 ,45292. ,01/01/2024 ,.0000 ,.0000 ,19.000 ,.0000 ,.0000 ,22.923 ,7.7978 ,16.759 ,
411 ,45292. ,01/01/2024 ,.0000 ,.0000 ,18.000 ,.0000 ,.0000 ,22.923 ,7.7978 ,16.759 ,
416 ,45292. ,01/01/2024 ,.0000 ,.0000 ,17.000 ,.0000 ,.0000 ,22.923 ,7.7978 ,16.759 ,
421 ,45292. ,01/01/2024 ,.0000 ,.0000 ,16.000 ,.0000 ,.0000 ,22.923 ,7.7978 ,16.759 ,
426 ,45292. ,01/01/2024 ,.0000 ,.0000 ,15.000 ,.0000 ,.0000 ,22.923 ,7.7978 ,16.759 ,
431 ,45292. ,01/01/2024 ,.0000 ,.0000 ,14.000 ,.0000 ,.0000 ,22.923 ,7.7978 ,16.759 ,
436 ,45292. ,01/01/2024 ,.0000 ,.0000 ,13.000 ,.0000 ,.0000 ,22.923 ,7.7978 ,16.759 ,
441 ,45292. ,01/01/2024 ,.0000 ,.0000 ,12.000 ,.0000 ,.0000 ,22.923 ,7.7978 ,16.759 ,
446 ,45292. ,01/01/2024 ,.0000 ,.0000 ,11.000 ,.0000 ,.0000 ,22.923 ,7.7978 ,16.759 ,
451 ,45292. ,01/01/2024 ,.0000 ,.0000 ,10.000 ,.0000 ,.0000 ,22.923 ,7.7978 ,16.759 ,
456 ,45292. ,01/01/2024 ,.0000 ,.0000 ,9.0000 ,.0000 ,.0000 ,22.923 ,7.7978 ,16.759 ,
461 ,45292. ,01/01/2024 ,.0000 ,.0000 ,8.0000 ,.0000 ,.0000 ,22.923 ,7.7978 ,16.759 ,
466 ,45292. ,01/01/2024 ,.0000 ,.0000 ,7.0000 ,.0000 ,.0000 ,22.923 ,7.7978 ,16.759 ,
471 ,45292. ,01/01/2024 ,.0000 ,.0000 ,6.0000 ,.0000 ,.0000 ,22.923 ,7.7978 ,16.759 ,
476 ,45292. ,01/01/2024 ,.0000 ,.0000 ,5.0000 ,.0000 ,.0000 ,22.923 ,7.7978 ,16.759 ,
481 ,45292. ,01/01/2024 ,.0000 ,.0000 ,4.0000 ,.0000 ,.0000 ,22.923 ,7.7978 ,16.759 ,
486 ,45292. ,01/01/2024 ,.0000 ,.0000 ,3.0000 ,.0000 ,.0000 ,22.923 ,7.7978 ,16.759 ,
491 ,45292. ,01/01/2024 ,.0000 ,.0000 ,2.0000 ,.0000 ,.0000 ,22.923 ,7.7978 ,16.759 ,
496 ,45292. ,01/01/2024 ,.0000 ,.0000 ,1.0000 ,.0000 ,.0000 ,22.923 ,7.7978 ,16.759 ,
1 ,45293. ,01/02/2024 ,.0000 ,.0000 ,101.00 ,24.048 ,42.544 ,.0000 ,.0000 ,.0000 ,
6 ,45293. ,01/02/2024 ,.0000 ,.0000 ,100.00 ,24.049 ,42.545 ,.0000 ,.76176E-12 ,.0000 ,
11 ,45293. ,01/02/2024 ,.0000 ,.0000 ,99.000 ,24.049 ,42.546 ,.0000 ,.17596E-05 ,.0000 ,
16 ,45293. ,01/02/2024 ,.0000 ,.0000 ,98.000 ,24.050 ,42.547 ,.0000 ,.92662E-03 ,.0000 ,
21 ,45293. ,01/02/2024 ,.0000 ,.0000 ,97.000 ,24.049 ,42.548 ,.38845E-20 ,.32590E-02 ,.0000 ,
26 ,45293. ,01/02/2024 ,.0000 ,.0000 ,96.000 ,24.046 ,42.549 ,.29702E-11 ,.76154E-02 ,.0000 ,
31 ,45293. ,01/02/2024 ,.0000 ,.0000 ,95.000 ,24.041 ,42.549 ,.35297E-03 ,.14900E-01 ,.0000 ,
36 ,45293. ,01/02/2024 ,.0000 ,.0000 ,94.000 ,24.033 ,42.549 ,.23516E-02 ,.26326E-01 ,.0000 ,
41 ,45293. ,01/02/2024 ,.0000 ,.0000 ,93.000 ,24.021 ,42.549 ,.62729E-02 ,.43496E-01 ,.0000 ,
46 ,45293. ,01/02/2024 ,.0000 ,.0000 ,92.000 ,24.002 ,42.547 ,.12791E-01 ,.68518E-01 ,.27939E-03 ,
51 ,45293. ,01/02/2024 ,.0000 ,.0000 ,91.000 ,23.975 ,42.543 ,.22782E-01 ,.10414 ,.13517E-02 ,
56 ,45293. ,01/02/2024 ,.0000 ,.0000 ,90.000 ,23.937 ,42.538 ,.37363E-01 ,.15392 ,.32893E-02 ,
61 ,45293. ,01/02/2024 ,.0000 ,.0000 ,89.000 ,23.884 ,42.529 ,.57945E-01 ,.22246 ,.63184E-02 ,
66 ,45293. ,01/02/2024 ,.0000 ,.0000 ,88.000 ,23.811 ,42.518 ,.86293E-01 ,.31566 ,.10718E-01 ,
71 ,45293. ,01/02/2024 ,.0000 ,.0000 ,87.000 ,23.713 ,42.502 ,.12460 ,.44105 ,.16822E-01 ,
76 ,45293. ,01/02/2024 ,.0000 ,.0000 ,86.000 ,23.583 ,42.481 ,.17556 ,.60826 ,.25027E-01 ,
81 ,45293. ,01/02/2024 ,.0000 ,.0000 ,85.000 ,23.411 ,42.454 ,.24252 ,.82950 ,.35790E-01 ,
86 ,45293. ,01/02/2024 ,.0000 ,.0000 ,84.000 ,23.186 ,42.418 ,.32953 ,1.1202 ,.49642E-01 ,
91 ,45293. ,01/02/2024 ,.0000 ,.0000 ,83.000 ,22.894 ,42.374 ,.44156 ,1.5000 ,.67182E-01 ,
96 ,45293. ,01/02/2024 ,.0000 ,.0000 ,82.000 ,22.516 ,42.318 ,.58462 ,1.9935 ,.89089E-01 ,
101 ,45293. ,01/02/2024 ,.0000 ,.0000 ,81.000 ,22.031 ,42.249 ,.76603 ,2.6315 ,.11612 ,
106 ,45293. ,01/02/2024 ,.0000 ,.0000 ,80.000 ,21.411 ,42.166 ,.99460 ,3.4526 ,.14910 ,
111 ,45293. ,01/02/2024 ,.0000 ,.0000 ,79.000 ,20.622 ,42.064 ,1.2810 ,4.5050 ,.18896 ,
116 ,45293. ,01/02/2024 ,.0000 ,.0000 ,78.000 ,19.622 ,41.943 ,1.6379 ,5.8481 ,.23667 ,
121 ,45293. ,01/02/2024 ,.0000 ,.0000 ,77.000 ,18.361 ,41.800 ,2.0806 ,7.5551 ,.29328 ,
126 ,45293. ,01/02/2024 ,.0000 ,.0000 ,76.000 ,16.777 ,41.630 ,2.6275 ,9.7154 ,.35991 ,
131 ,45293. ,01/02/2024 ,.0000 ,.0000 ,75.000 ,14.795 ,41.433 ,3.3005 ,12.438 ,.43772 ,
136 ,45293. ,01/02/2024 ,.0000 ,.0000 ,74.000 ,12.324 ,41.204 ,4.1255 ,15.855 ,.52791 ,
141 ,45293. ,01/02/2024 ,.0000 ,.0000 ,73.000 ,9.2554 ,40.941 ,5.1335 ,20.127 ,.63168 ,
146 ,45293. ,01/02/2024 ,.0000 ,.0000 ,72.000 ,5.4448 ,40.640 ,6.3622 ,25.472 ,.75026 ,
151 ,45293. ,01/02/2024 ,.0000 ,.0000 ,71.000 ,.58186 ,40.298 ,7.9032 ,32.338 ,.88483 ,
156 ,45293. ,01/02/2024 ,.0000 ,.0000 ,70.000 ,.58107E-01 ,39.913 ,9.2385 ,31.088 ,1.0365 ,
161 ,45293. ,01/02/2024 ,.0000 ,.0000 ,69.000 ,.14035E-01 ,39.482 ,10.585 ,28.882 ,1.2065 ,
166 ,45293. ,01/02/2024 ,.0000 ,.0000 ,68.000 ,.43259E-02 ,39.002 ,11.971 ,26.542 ,1.3956 ,
171 ,45293. ,01/02/2024 ,.0000 ,.0000 ,67.000 ,.14481E-02 ,38.471 ,13.377 ,24.156 ,1.6047 ,
176 ,45293. ,01/02/2024 ,.0000 ,.0000 ,66.000 ,.50049E-03 ,37.887 ,14.770 ,21.786 ,1.8347 ,
181 ,45293. ,01/02/2024 ,.0000 ,.0000 ,65.000 ,.17562E-03 ,37.250 ,16.112 ,19.503 ,2.0859 ,
186 ,45293. ,01/02/2024 ,.0000 ,.0000 ,64.000 ,.62311E-04 ,36.557 ,17.362 ,17.374 ,2.3587 ,
191 ,45293. ,01/02/2024 ,.0000 ,.0000 ,63.000 ,.22383E-04 ,35.810 ,18.486 ,15.461 ,2.6533 ,
196 ,45293. ,01/02/2024 ,.0000 ,.0000 ,62.000 ,.81641E-05 ,35.007 ,19.459 ,13.804 ,2.9695 ,
201 ,45293. ,01/02/2024 ,.0000 ,.0000 ,61.000 ,.30320E-05 ,34.151 ,20.271 ,12.420 ,3.3071 ,
206 ,45293. ,01/02/2024 ,.0000 ,.0000 ,60.000 ,.11481E-05 ,33.241 ,20.928 ,11.300 ,3.6653 ,
211 ,45293. ,01/02/2024 ,.0000 ,.0000 ,59.000 ,.44319E-06 ,32.282 ,21.444 ,10.419 ,4.0433 ,
216 ,45293. ,01/02/2024 ,.0000 ,.0000 ,58.000 ,.17412E-06 ,31.275 ,21.842 ,9.7400 ,4.4401 ,
221 ,45293. ,01/02/2024 ,.0000 ,.0000 ,57.000 ,.69461E-07 ,30.224 ,22.142 ,9.2259 ,4.8542 ,
226 ,45293. ,01/02/2024 ,.0000 ,.0000 ,56.000 ,.28062E-07 ,29.133 ,22.366 ,8.8416 ,5.2841 ,
231 ,45293. ,01/02/2024 ,.0000 ,.0000 ,55.000 ,.11452E-07 ,28.007 ,22.532 ,8.5570 ,5.7279 ,
236 ,45293. ,01/02/2024 ,.0000 ,.0000 ,54.000 ,.47070E-08 ,26.850 ,22.653 ,8.3475 ,6.1837 ,
241 ,45293. ,01/02/2024 ,.0000 ,.0000 ,53.000 ,.19314E-08 ,25.669 ,22.741 ,8.1934 ,6.6490 ,
246 ,45293. ,01/02/2024 ,.0000 ,.0000 ,52.000 ,.73466E-09 ,24.471 ,22.807 ,8.0788 ,7.1214 ,
251 ,45293. ,01/02/2024 ,.0000 ,.0000 ,50.500 ,.20922E-09 ,22.646 ,22.867 ,7.9715 ,7.8402 ,
256 ,45293. ,01/02/2024 ,.0000 ,.0000 ,49.000 ,.65513E-10 ,20.817 ,22.901 ,7.9080 ,8.5612 ,
261 ,45293. ,01/02/2024 ,.0000 ,.0000 ,48.000 ,.27527E-10 ,19.604 ,22.916 ,7.8784 ,9.0392 ,
266 ,45293. ,01/02/2024 ,.0000 ,.0000 ,47.000 ,.11579E-10 ,18.403 ,22.927 ,7.8572 ,9.5125 ,
271 ,45293. ,01/02/2024 ,.0000 ,.0000 ,46.000 ,.48740E-11 ,17.220 ,22.934 ,7.8421 ,9.9787 ,
276 ,45293. ,01/02/2024 ,.0000 ,.0000 ,45.000 ,.20529E-11 ,16.060 ,22.938 ,7.8313 ,10.436 ,
281 ,45293. ,01/02/2024 ,.0000 ,.0000 ,44.000 ,.86507E-12 ,14.929 ,22.941 ,7.8236 ,10.881 ,
286 ,45293. ,01/02/2024 ,.0000 ,.0000 ,43.000 ,.36465E-12 ,13.832 ,22.942 ,7.8180 ,11.314 ,
291 ,45293. ,01/02/2024 ,.0000 ,.0000 ,42.000 ,.15375E-12 ,12.772 ,22.943 ,7.8140 ,11.731 ,
296 ,45293. ,01/02/2024 ,.0000 ,.0000 ,41.000 ,.64840E-13 ,11.753 ,22.943 ,7.8110 ,12.133 ,
301 ,45293. ,01/02/2024 ,.0000 ,.0000 ,40.000 ,.27349E-13 ,10.779 ,22.943 ,7.8089 ,12.517 ,
306 ,45293. ,01/02/2024 ,.0000 ,.0000 ,39.000 ,.11538E-13 ,9.8509 ,22.942 ,7.8073 ,12.883 ,
311 ,45293. ,01/02/2024 ,.0000 ,.0000 ,38.000 ,.48678E-14 ,8.9716 ,22.942 ,7.8061 ,13.229 ,
316 ,45293. ,01/02/2024 ,.0000 ,.0000 ,37.000 ,.20540E-14 ,8.1424 ,22.941 ,7.8052 ,13.556 ,
321 ,45293. ,01/02/2024 ,.0000 ,.0000 ,36.000 ,.86675E-15 ,7.3638 ,22.940 ,7.8044 ,13.863 ,
326 ,45293. ,01/02/2024 ,.0000 ,.0000 ,35.000 ,.36579E-15 ,6.6363 ,22.939 ,7.8039 ,14.149 ,
331 ,45293. ,01/02/2024 ,.0000 ,.0000 ,34.000 ,.15438E-15 ,5.9595 ,22.938 ,7.8034 ,14.416 ,
336 ,45293. ,01/02/2024 ,.0000 ,.0000 ,33.000 ,.65162E-16 ,5.3328 ,22.938 ,7.8030 ,14.663 ,
341 ,45293. ,01/02/2024 ,.0000 ,.0000 ,32.000 ,.27505E-16 ,4.7551 ,22.937 ,7.8026 ,14.891 ,
346 ,45293. ,01/02/2024 ,.0000 ,.0000 ,31.000 ,.11611E-16 ,4.2248 ,22.936 ,7.8024 ,15.100 ,
351 ,45293. ,01/02/2024 ,.0000 ,.0000 ,30.000 ,.49015E-17 ,3.7404 ,22.936 ,7.8021 ,15.291 ,
356 ,45293. ,01/02/2024 ,.0000 ,.0000 ,29.000 ,.20693E-17 ,3.2997 ,22.935 ,7.8019 ,15.465 ,
361 ,45293. ,01/02/2024 ,.0000 ,.0000 ,28.000 ,.87362E-18 ,2.9005 ,22.935 ,7.8017 ,15.622 ,
366 ,45293. ,01/02/2024 ,.0000 ,.0000 ,27.000 ,.36884E-18 ,2.5405 ,22.934 ,7.8016 ,15.764 ,
371 ,45293. ,01/02/2024 ,.0000 ,.0000 ,26.000 ,.15572E-18 ,2.2173 ,22.934 ,7.8014 ,15.891 ,
376 ,45293. ,01/02/2024 ,.0000 ,.0000 ,25.000 ,.65749E-19 ,1.9284 ,22.934 ,7.8013 ,16.005 ,
381 ,45293. ,01/02/2024 ,.0000 ,.0000 ,24.000 ,.27750E-19 ,1.6711 ,22.933 ,7.8012 ,16.107 ,
386 ,45293. ,01/02/2024 ,.0000 ,.0000 ,23.000 ,.11706E-19 ,1.4430 ,22.933 ,7.8011 ,16.196 ,
391 ,45293. ,01/02/2024 ,.0000 ,.0000 ,22.000 ,.49429E-20 ,1.2416 ,22.933 ,7.8010 ,16.276 ,
396 ,45293. ,01/02/2024 ,.0000 ,.0000 ,21.000 ,.0000 ,1.0646 ,22.933 ,7.8009 ,16.346 ,
401 ,45293. ,01/02/2024 ,.0000 ,.0000 ,20.000 ,.0000 ,.90959 ,22.932 ,7.8009 ,16.407 ,
406 ,45293. ,01/02/2024 ,.0000 ,.0000 ,19.000 ,.0000 ,.77441 ,22.932 ,7.8008 ,16.460 ,
411 ,45293. ,01/02/2024 ,.0000 ,.0000 ,18.000 ,.0000 ,.65701 ,22.932 ,7.8008 ,16.506 ,
416 ,45293. ,01/02/2024 ,.0000 ,.0000 ,17.000 ,.0000 ,.55546 ,22.932 ,7.8007 ,16.546 ,
421 ,45293. ,01/02/2024 ,.0000 ,.0000 ,16.000 ,.0000 ,.46797 ,22.932 ,7.8007 ,16.581 ,
426 ,45293. ,01/02/2024 ,.0000 ,.0000 ,15.000 ,.0000 ,.39289 ,22.932 ,7.8006 ,16.610 ,
431 ,45293. ,01/02/2024 ,.0000 ,.0000 ,14.000 ,.0000 ,.32872 ,22.932 ,7.8006 ,16.636 ,
436 ,45293. ,01/02/2024 ,.0000 ,.0000 ,13.000 ,.0000 ,.27408 ,22.932 ,7.8006 ,16.657 ,
441 ,45293. ,01/02/2024 ,.0000 ,.0000 ,12.000 ,.0000 ,.22774 ,22.932 ,7.8006 ,16.675 ,
446 ,45293. ,01/02/2024 ,.0000 ,.0000 ,11.000 ,.0000 ,.18859 ,22.931 ,7.8006 ,16.691 ,
451 ,45293. ,01/02/2024 ,.0000 ,.0000 ,10.000 ,.0000 ,.15564 ,22.931 ,7.8005 ,16.704 ,
456 ,45293. ,01/02/2024 ,.0000 ,.0000 ,9.0000 ,.0000 ,.12801 ,22.931 ,7.8005 ,16.715 ,
461 ,45293. ,01/02/2024 ,.0000 ,.0000 ,8.0000 ,.0000 ,.10495 ,22.931 ,7.8005 ,16.724 ,
466 ,45293. ,01/02/2024 ,.0000 ,.0000 ,7.0000 ,.0000 ,.85792E-01 ,22.931 ,7.8005 ,16.731 ,
471 ,45293. ,01/02/2024 ,.0000 ,.0000 ,6.0000 ,.0000 ,.69966E-01 ,22.931 ,7.8005 ,16.738 ,
476 ,45293. ,01/02/2024 ,.0000 ,.0000 ,5.0000 ,.0000 ,.57030E-01 ,22.931 ,7.8005 ,16.743 ,
481 ,45293. ,01/02/2024 ,.0000 ,.0000 ,4.0000 ,.0000 ,.46680E-01 ,22.931 ,7.8005 ,16.747 ,
486 ,45293. ,01/02/2024 ,.0000 ,.0000 ,3.0000 ,.0000 ,.38837E-01 ,22.931 ,7.8004 ,16.750 ,
491 ,45293. ,01/02/2024 ,.0000 ,.0000 ,2.0000 ,.0000 ,.33808E-01 ,22.931 ,7.8004 ,16.752 ,
496 ,45293. ,01/02/2024 ,.0000 ,.0000 ,1.0000 ,.0000 ,.32649E-01 ,22.931 ,7.8004 ,16.752 ,
1 ,45294. ,01/03/2024 ,.0000 ,.0000 ,101.00 ,24.048 ,42.544 ,.0000 ,.0000 ,.0000 ,
6 ,45294. ,01/03/2024 ,.0000 ,.0000 ,100.00 ,24.048 ,42.544 ,.0000 ,.0000 ,.0000 ,
11 ,45294. ,01/03/2024 ,.0000 ,.0000 ,99.000 ,24.048 ,42.544 ,.0000 ,.0000 ,.0000 ,
16 ,45294. ,01/03/2024 ,.0000 ,.0000 ,98.000 ,24.049 ,42.544 ,.0000 ,.0000 ,.0000 ,
21 ,45294. ,01/03/2024 ,.0000 ,.0000 ,97.000 ,24.049 ,42.545 ,.0000 ,.0000 ,.0000 ,
26 ,45294. ,01/03/2024 ,.0000 ,.0000 ,96.000 ,24.050 ,42.545 ,.0000 ,.0000 ,.0000 ,
31 ,45294. ,01/03/2024 ,.0000 ,.0000 ,95.000 ,24.050 ,42.545 ,.0000 ,.0000 ,.0000 ,
36 ,45294. ,01/03/2024 ,.0000 ,.0000 ,94.000 ,24.051 ,42.545 ,.0000 ,.0000 ,.0000 ,
41 ,45294. ,01/03/2024 ,.0000 ,.0000 ,93.000 ,24.051 ,42.546 ,.0000 ,.0000 ,.0000 ,
46 ,45294. ,01/03/2024 ,.0000 ,.0000 ,92.000 ,24.052 ,42.546 ,.0000 ,.0000 ,.0000 ,
51 ,45294. ,01/03/2024 ,.0000 ,.0000 ,91.000 ,24.053 ,42.547 ,.0000 ,.0000 ,.0000 ,
56 ,45294. ,01/03/2024 ,.0000 ,.0000 ,90.000 ,24.054 ,42.547 ,.0000 ,.0000 ,.0000 ,
61 ,45294. ,01/03/2024 ,.0000 ,.0000 ,89.000 ,24.055 ,42.548 ,.0000 ,.0000 ,.0000 ,
66 ,45294. ,01/03/2024 ,.0000 ,.0000 ,88.000 ,24.056 ,42.549 ,.0000 ,.0000 ,.0000 ,
71 ,45294. ,01/03/2024 ,.0000 ,.0000 ,87.000 ,24.057 ,42.549 ,.0000 ,.0000 ,.0000 ,
76 ,45294. ,01/03/2024 ,.0000 ,.0000 ,86.000 ,24.059 ,42.550 ,.0000 ,.0000 ,.0000 ,
81 ,45294. ,01/03/2024 ,.0000 ,.0000 ,85.000 ,24.060 ,42.551 ,.0000 ,.0000 ,.0000 ,
86 ,45294. ,01/03/2024 ,.0000 ,.0000 ,84.000 ,24.061 ,42.552 ,.0000 ,.0000 ,.0000 ,
91 ,45294. ,01/03/2024 ,.0000 ,.0000 ,83.000 ,24.063 ,42.553 ,.0000 ,.0000 ,.0000 ,
96 ,45294. ,01/03/2024 ,.0000 ,.0000 ,82.000 ,24.064 ,42.554 ,.0000 ,.0000 ,.0000 ,
101 ,45294. ,01/03/2024 ,.0000 ,.0000 ,81.000 ,24.066 ,42.556 ,.0000 ,.0000 ,.0000 ,
106 ,45294. ,01/03/2024 ,.0000 ,.0000 ,80.000 ,24.067 ,42.557 ,.0000 ,.0000 ,.0000 ,
111 ,45294. ,01/03/2024 ,.0000 ,.0000 ,79.000 ,24.068 ,42.558 ,.0000 ,.49045E-17 ,.0000 ,
116 ,45294. ,01/03/2024 ,.0000 ,.0000 ,78.000 ,24.069 ,42.560 ,.0000 ,.25943E-11 ,.0000 ,
121 ,45294. ,01/03/2024 ,.0000 ,.0000 ,77.000 ,24.069 ,42.561 ,.0000 ,.44417E-05 ,.0000 ,
126 ,45294. ,01/03/2024 ,.0000 ,.0000 ,76.000 ,24.069 ,42.562 ,.0000 ,.12657E-02 ,.0000 ,
131 ,45294. ,01/03/2024 ,.0000 ,.0000 ,75.000 ,24.068 ,42.564 ,.0000 ,.39642E-02 ,.0000 ,
136 ,45294. ,01/03/2024 ,.0000 ,.0000 ,74.000 ,24.066 ,42.565 ,.0000 ,.84335E-02 ,.0000 ,
141 ,45294. ,01/03/2024 ,.0000 ,.0000 ,73.000 ,24.062 ,42.566 ,.0000 ,.15176E-01 ,.0000 ,
146 ,45294. ,01/03/2024 ,.0000 ,.0000 ,72.000 ,24.057 ,42.568 ,.0000 ,.24837E-01 ,.0000 ,
151 ,45294. ,01/03/2024 ,.0000 ,.0000 ,71.000 ,24.049 ,42.569 ,.19530E-19 ,.38243E-01 ,.0000 ,
156 ,45294. ,01/03/2024 ,.0000 ,.0000 ,70.000 ,24.039 ,42.570 ,.59011E-12 ,.56449E-01 ,.0000 ,
161 ,45294. ,01/03/2024 ,.0000 ,.0000 ,69.000 ,24.024 ,42.570 ,.21162E-03 ,.80799E-01 ,.0000 ,
166 ,45294. ,01/03/2024 ,.0000 ,.0000 ,68.000 ,24.005 ,42.571 ,.18228E-02 ,.11300 ,.0000 ,
171 ,45294. ,01/03/2024 ,.0000 ,.0000 ,67.000 ,23.979 ,42.571 ,.48077E-02 ,.15524 ,.0000 ,
176 ,45294. ,01/03/2024 ,.0000 ,.0000 ,66.000 ,23.946 ,42.571 ,.94571E-02 ,.21025 ,.0000 ,
181 ,45294. ,01/03/2024 ,.0000 ,.0000 ,65.000 ,23.902 ,42.571 ,.16136E-01 ,.28154 ,.0000 ,
186 ,45294. ,01/03/2024 ,.0000 ,.0000 ,64.000 ,23.846 ,42.570 ,.25297E-01 ,.37351 ,.0000 ,
191 ,45294. ,01/03/2024 ,.0000 ,.0000 ,63.000 ,23.774 ,42.568 ,.37497E-01 ,.49169 ,.0000 ,
196 ,45294. ,01/03/2024 ,.0000 ,.0000 ,62.000 ,23.682 ,42.566 ,.53421E-01 ,.64307 ,.0000 ,
201 ,45294. ,01/03/2024 ,.0000 ,.0000 ,61.000 ,23.564 ,42.563 ,.73901E-01 ,.83633 ,.46172E-03 ,
206 ,45294. ,01/03/2024 ,.0000 ,.0000 ,60.000 ,23.414 ,42.559 ,.99952E-01 ,1.0823 ,.13949E-02 ,
211 ,45294. ,01/03/2024 ,.0000 ,.0000 ,59.000 ,23.225 ,42.553 ,.13281 ,1.3946 ,.28185E-02 ,
216 ,45294. ,01/03/2024 ,.0000 ,.0000 ,58.000 ,22.986 ,42.547 ,.17396 ,1.7897 ,.47898E-02 ,
221 ,45294. ,01/03/2024 ,.0000 ,.0000 ,57.000 ,22.685 ,42.539 ,.22523 ,2.2882 ,.73750E-02 ,
226 ,45294. ,01/03/2024 ,.0000 ,.0000 ,56.000 ,22.308 ,42.529 ,.28879 ,2.9153 ,.10649E-01 ,
231 ,45294. ,01/03/2024 ,.0000 ,.0000 ,55.000 ,21.836 ,42.518 ,.36727 ,3.7016 ,.14694E-01 ,
236 ,45294. ,01/03/2024 ,.0000 ,.0000 ,54.000 ,21.247 ,42.505 ,.46381 ,4.6847 ,.19599E-01 ,
241 ,45294. ,01/03/2024 ,.0000 ,.0000 ,53.000 ,20.516 ,42.489 ,.58217 ,5.9100 ,.25460E-01 ,
246 ,45294. ,01/03/2024 ,.0000 ,.0000 ,52.000 ,19.609 ,42.470 ,.72684 ,7.4322 ,.32373E-01 ,
251 ,45294. ,01/03/2024 ,.0000 ,.0000 ,50.500 ,17.709 ,42.435 ,1.0244 ,10.633 ,.45714E-01 ,
256 ,45294. ,01/03/2024 ,.0000 ,.0000 ,49.000 ,14.996 ,42.391 ,1.4414 ,15.215 ,.62939E-01 ,
261 ,45294. ,01/03/2024 ,.0000 ,.0000 ,48.000 ,12.712 ,42.356 ,1.7886 ,19.081 ,.76429E-01 ,
266 ,45294. ,01/03/2024 ,.0000 ,.0000 ,47.000 ,9.9044 ,42.316 ,2.2125 ,23.837 ,.91971E-01 ,
271 ,45294. ,01/03/2024 ,.0000 ,.0000 ,46.000 ,6.4643 ,42.270 ,2.7295 ,29.670 ,.10979 ,
276 ,45294. ,01/03/2024 ,.0000 ,.0000 ,45.000 ,1.6168 ,42.218 ,3.3820 ,38.018 ,.13014 ,
281 ,45294. ,01/03/2024 ,.0000 ,.0000 ,44.000 ,.13927 ,42.159 ,4.0290 ,39.800 ,.15328 ,
286 ,45294. ,01/03/2024 ,.0000 ,.0000 ,43.000 ,.31593E-01 ,42.092 ,4.6911 ,38.883 ,.17949 ,
291 ,45294. ,01/03/2024 ,.0000 ,.0000 ,42.000 ,.10057E-01 ,42.017 ,5.4156 ,37.693 ,.20907 ,
296 ,45294. ,01/03/2024 ,.0000 ,.0000 ,41.000 ,.35875E-02 ,41.932 ,6.2097 ,36.354 ,.24234 ,
301 ,45294. ,01/03/2024 ,.0000 ,.0000 ,40.000 ,.13359E-02 ,41.837 ,7.0763 ,34.884 ,.27964 ,
306 ,45294. ,01/03/2024 ,.0000 ,.0000 ,39.000 ,.50553E-03 ,41.731 ,8.0154 ,33.288 ,.32130 ,
311 ,45294. ,01/03/2024 ,.0000 ,.0000 ,38.000 ,.19218E-03 ,41.613 ,9.0244 ,31.571 ,.36770 ,
316 ,45294. ,01/03/2024 ,.0000 ,.0000 ,37.000 ,.72992E-04 ,41.482 ,10.097 ,29.746 ,.41921 ,
321 ,45294. ,01/03/2024 ,.0000 ,.0000 ,36.000 ,.27618E-04 ,41.337 ,11.225 ,27.828 ,.47622 ,
326 ,45294. ,01/03/2024 ,.0000 ,.0000 ,35.000 ,.10396E-04 ,41.177 ,12.392 ,25.843 ,.53912 ,
331 ,45294. ,01/03/2024 ,.0000 ,.0000 ,34.000 ,.38918E-05 ,41.001 ,13.580 ,23.820 ,.60830 ,
336 ,45294. ,01/03/2024 ,.0000 ,.0000 ,33.000 ,.14500E-05 ,40.809 ,14.767 ,21.802 ,.68418 ,
341 ,45294. ,01/03/2024 ,.0000 ,.0000 ,32.000 ,.53853E-06 ,40.598 ,15.925 ,19.831 ,.76714 ,
346 ,45294. ,01/03/2024 ,.0000 ,.0000 ,31.000 ,.19991E-06 ,40.368 ,17.026 ,17.957 ,.85760 ,
351 ,45294. ,01/03/2024 ,.0000 ,.0000 ,30.000 ,.74408E-07 ,40.118 ,18.045 ,16.224 ,.95593 ,
356 ,45294. ,01/03/2024 ,.0000 ,.0000 ,29.000 ,.27870E-07 ,39.848 ,18.959 ,14.669 ,1.0625 ,
361 ,45294. ,01/03/2024 ,.0000 ,.0000 ,28.000 ,.10538E-07 ,39.555 ,19.756 ,13.313 ,1.1777 ,
366 ,45294. ,01/03/2024 ,.0000 ,.0000 ,27.000 ,.40324E-08 ,39.240 ,20.431 ,12.163 ,1.3019 ,
371 ,45294. ,01/03/2024 ,.0000 ,.0000 ,26.000 ,.15635E-08 ,38.902 ,20.988 ,11.214 ,1.4353 ,
376 ,45294. ,01/03/2024 ,.0000 ,.0000 ,25.000 ,.61439E-09 ,38.539 ,21.440 ,10.445 ,1.5783 ,
381 ,45294. ,01/03/2024 ,.0000 ,.0000 ,24.000 ,.24449E-09 ,38.151 ,21.798 ,9.8344 ,1.7311 ,
386 ,45294. ,01/03/2024 ,.0000 ,.0000 ,23.000 ,.98395E-10 ,37.737 ,22.079 ,9.3555 ,1.8940 ,
391 ,45294. ,01/03/2024 ,.0000 ,.0000 ,22.000 ,.39985E-10 ,37.298 ,22.296 ,8.9842 ,2.0671 ,
396 ,45294. ,01/03/2024 ,.0000 ,.0000 ,21.000 ,.16380E-10 ,36.833 ,22.463 ,8.6988 ,2.2505 ,
401 ,45294. ,01/03/2024 ,.0000 ,.0000 ,20.000 ,.67542E-11 ,36.341 ,22.591 ,8.4809 ,2.4443 ,
406 ,45294. ,01/03/2024 ,.0000 ,.0000 ,19.000 ,.27997E-11 ,35.822 ,22.687 ,8.3153 ,2.6486 ,
411 ,45294. ,01/03/2024 ,.0000 ,.0000 ,18.000 ,.11653E-11 ,35.277 ,22.760 ,8.1899 ,2.8633 ,
416 ,45294. ,01/03/2024 ,.0000 ,.0000 ,17.000 ,.48657E-12 ,34.706 ,22.815 ,8.0954 ,3.0884 ,
421 ,45294. ,01/03/2024 ,.0000 ,.0000 ,16.000 ,.20368E-12 ,34.109 ,22.855 ,8.0242 ,3.3237 ,
426 ,45294. ,01/03/2024 ,.0000 ,.0000 ,15.000 ,.85423E-13 ,33.486 ,22.886 ,7.9708 ,3.5690 ,
431 ,45294. ,01/03/2024 ,.0000 ,.0000 ,14.000 ,.35880E-13 ,32.839 ,22.908 ,7.9308 ,3.8240 ,
436 ,45294. ,01/03/2024 ,.0000 ,.0000 ,13.000 ,.15088E-13 ,32.168 ,22.925 ,7.9008 ,4.0883 ,
441 ,45294. ,01/03/2024 ,.0000 ,.0000 ,12.000 ,.63502E-14 ,31.475 ,22.937 ,7.8783 ,4.3614 ,
446 ,45294. ,01/03/2024 ,.0000 ,.0000 ,11.000 ,.26745E-14 ,30.761 ,22.945 ,7.8615 ,4.6427 ,
451 ,45294. ,01/03/2024 ,.0000 ,.0000 ,10.000 ,.11270E-14 ,30.029 ,22.952 ,7.8489 ,4.9312 ,
456 ,45294. ,01/03/2024 ,.0000 ,.0000 ,9.0000 ,.47509E-15 ,29.281 ,22.956 ,7.8395 ,5.2259 ,
461 ,45294. ,01/03/2024 ,.0000 ,.0000 ,8.0000 ,.20034E-15 ,28.523 ,22.959 ,7.8324 ,5.5248 ,
466 ,45294. ,01/03/2024 ,.0000 ,.0000 ,7.0000 ,.84505E-16 ,27.760 ,22.961 ,7.8270 ,5.8254 ,
471 ,45294. ,01/03/2024 ,.0000 ,.0000 ,6.0000 ,.35652E-16 ,27.004 ,22.962 ,7.8230 ,6.1233 ,
476 ,45294. ,01/03/2024 ,.0000 ,.0000 ,5.0000 ,.15045E-16 ,26.272 ,22.962 ,7.8200 ,6.4119 ,
481 ,45294. ,01/03/2024 ,.0000 ,.0000 ,4.0000 ,.63553E-17 ,25.591 ,22.963 ,7.8177 ,6.6801 ,
486 ,45294. ,01/03/2024 ,.0000 ,.0000 ,3.0000 ,.27063E-17 ,25.008 ,22.963 ,7.8161 ,6.9097 ,
491 ,45294. ,01/03/2024 ,.0000 ,.0000 ,2.0000 ,.12418E-17 ,24.601 ,22.962 ,7.8151 ,7.0704 ,
496 ,45294. ,01/03/2024 ,.0000 ,.0000 ,1.0000 ,.94117E-18 ,24.495 ,22.962 ,7.8149 ,7.1122 ,
1 ,45295. ,01/04/2024 ,.0000 ,.0000 ,101.00 ,24.048 ,42.544 ,.0000 ,.0000 ,.0000 ,
6 ,45295. ,01/04/2024 ,.0000 ,.0000 ,100.00 ,24.048 ,42.544 ,.0000 ,.0000 ,.0000 ,
11 ,45295. ,01/04/2024 ,.0000 ,.0000 ,99.000 ,24.048 ,42.544 ,.0000 ,.0000 ,.0000 ,
16 ,45295. ,01/04/2024 ,.0000 ,.0000 ,98.000 ,24.048 ,42.544 ,.0000 ,.0000 ,.0000 ,
21 ,45295. ,01/04/2024 ,.0000 ,.0000 ,97.000 ,24.048 ,42.544 ,.0000 ,.0000 ,.0000 ,
26 ,45295. ,01/04/2024 ,.0000 ,.0000 ,96.000 ,24.048 ,42.544 ,.0000 ,.0000 ,.0000 ,
31 ,45295. ,01/04/2024 ,.0000 ,.0000 ,95.000 ,24.048 ,42.544 ,.0000 ,.0000 ,.0000 ,
36 ,45295. ,01/04/2024 ,.0000 ,.0000 ,94.000 ,24.048 ,42.544 ,.0000 ,.0000 ,.0000 ,
41 ,45295. ,01/04/2024 ,.0000 ,.0000 ,93.000 ,24.048 ,42.544 ,.0000 ,.0000 ,.0000 ,
46 ,45295. ,01/04/2024 ,.0000 ,.0000 ,92.000 ,24.048 ,42.544 ,.0000 ,.0000 ,.0000 ,
51 ,45295. ,01/04/2024 ,.0000 ,.0000 ,91.000 ,24.049 ,42.544 ,.0000 ,.0000 ,.0000 ,
56 ,45295. ,01/04/2024 ,.0000 ,.0000 ,90.000 ,24.049 ,42.544 ,.0000 ,.0000 ,.0000 ,
61 ,45295. ,01/04/2024 ,.0000 ,.0000 ,89.000 ,24.049 ,42.544 ,.0000 ,.0000 ,.0000 ,
66 ,45295. ,01/04/2024 ,.0000 ,.0000 ,88.000 ,24.049 ,42.544 ,.0000 ,.0000 ,.0000 ,
71 ,45295. ,01/04/2024 ,.0000 ,.0000 ,87.000 ,24.049 ,42.545 ,.0000 ,.0000 ,.0000 ,
76 ,45295. ,01/04/2024 ,.0000 ,.0000 ,86.000 ,24.050 ,42.545 ,.0000 ,.0000 ,.0000 ,
81 ,45295. ,01/04/2024 ,.0000 ,.0000 ,85.000 ,24.050 ,42.545 ,.0000 ,.0000 ,.0000 ,
86 ,45295. ,01/04/2024 ,.0000 ,.0000 ,84.000 ,24.050 ,42.545 ,.0000 ,.0000 ,.0000 ,
91 ,45295. ,01/04/2024 ,.0000 ,.0000 ,83.000 ,24.051 ,42.545 ,.0000 ,.0000 ,.0000 ,
96 ,45295. ,01/04/2024 ,.0000 ,.0000 ,82.000 ,24.051 ,42.545 ,.0000 ,.0000 ,.0000 ,
101 ,45295. ,01/04/2024 ,.0000 ,.0000 ,81.000 ,24.052 ,42.546 ,.0000 ,.0000 ,.0000 ,
106 ,45295. ,01/04/2024 ,.0000 ,.0000 ,80.000 ,24.052 ,42.546 ,.0000 ,.0000 ,.0000 ,
111 ,45295. ,01/04/2024 ,.0000 ,.0000 ,79.000 ,24.053 ,42.546 ,.0000 ,.0000 ,.0000 ,
116 ,45295. ,01/04/2024 ,.0000 ,.0000 ,78.000 ,24.054 ,42.547 ,.0000 ,.0000 ,.0000 ,
121 ,45295. ,01/04/2024 ,.0000 ,.0000 ,77.000 ,24.054 ,42.547 ,.0000 ,.0000 ,.0000 ,
126 ,45295. ,01/04/2024 ,.0000 ,.0000 ,76.000 ,24.055 ,42.548 ,.0000 ,.0000 ,.0000 ,
131 ,45295. ,01/04/2024 ,.0000 ,.0000 ,75.000 ,24.056 ,42.548 ,.0000 ,.0000 ,.0000 ,
136 ,45295. ,01/04/2024 ,.0000 ,.0000 ,74.000 ,24.057 ,42.549 ,.0000 ,.0000 ,.0000 ,
141 ,45295. ,01/04/2024 ,.0000 ,.0000 ,73.000 ,24.058 ,42.549 ,.0000 ,.0000 ,.0000 ,
146 ,45295. ,01/04/2024 ,.0000 ,.0000 ,72.000 ,24.059 ,42.550 ,.0000 ,.0000 ,.0000 ,
151 ,45295. ,01/04/2024 ,.0000 ,.0000 ,71.000 ,24.060 ,42.550 ,.0000 ,.0000 ,.0000 ,
156 ,45295. ,01/04/2024 ,.0000 ,.0000 ,70.000 ,24.061 ,42.551 ,.0000 ,.0000 ,.0000 ,
161 ,45295. ,01/04/2024 ,.0000 ,.0000 ,69.000 ,24.062 ,42.552 ,.0000 ,.0000 ,.0000 ,
166 ,45295. ,01/04/2024 ,.0000 ,.0000 ,68.000 ,24.064 ,42.553 ,.0000 ,.0000 ,.0000 ,
171 ,45295. ,01/04/2024 ,.0000 ,.0000 ,67.000 ,24.065 ,42.553 ,.0000 ,.0000 ,.0000 ,
176 ,45295. ,01/04/2024 ,.0000 ,.0000 ,66.000 ,24.066 ,42.554 ,.0000 ,.0000 ,.0000 ,
181 ,45295. ,01/04/2024 ,.0000 ,.0000 ,65.000 ,24.068 ,42.555 ,.0000 ,.0000 ,.0000 ,
186 ,45295. ,01/04/2024 ,.0000 ,.0000 ,64.000 ,24.069 ,42.556 ,.0000 ,.0000 ,.0000 ,
191 ,45295. ,01/04/2024 ,.0000 ,.0000 ,63.000 ,24.071 ,42.557 ,.0000 ,.0000 ,.0000 ,
196 ,45295. ,01/04/2024 ,.0000 ,.0000 ,62.000 ,24.072 ,42.558 ,.0000 ,.0000 ,.0000 ,
201 ,45295. ,01/04/2024 ,.0000 ,.0000 ,61.000 ,24.073 ,42.559 ,.0000 ,.0000 ,.0000 ,
206 ,45295. ,01/04/2024 ,.0000 ,.0000 ,60.000 ,24.075 ,42.560 ,.0000 ,.0000 ,.0000 ,
211 ,45295. ,01/04/2024 ,.0000 ,.0000 ,59.000 ,24.076 ,42.561 ,.0000 ,.0000 ,.0000 ,
216 ,45295. ,01/04/2024 ,.0000 ,.0000 ,58.000 ,24.078 ,42.562 ,.0000 ,.0000 ,.0000 ,
221 ,45295. ,01/04/2024 ,.0000 ,.0000 ,57.000 ,24.079 ,42.564 ,.0000 ,.0000 ,.0000 ,
226 ,45295. ,01/04/2024 ,.0000 ,.0000 ,56.000 ,24.080 ,42.565 ,.0000 ,.0000 ,.0000 ,
231 ,45295. ,01/04/2024 ,.0000 ,.0000 ,55.000 ,24.081 ,42.566 ,.0000 ,.19436E-17 ,.0000 ,
236 ,45295. ,01/04/2024 ,.0000 ,.0000 ,54.000 ,24.081 ,42.567 ,.0000 ,.48570E-12 ,.0000 ,
241 ,45295. ,01/04/2024 ,.0000 ,.0000 ,53.000 ,24.081 ,42.568 ,.0000 ,.12197E-06 ,.0000 ,
246 ,45295. ,01/04/2024 ,.0000 ,.0000 ,52.000 ,24.081 ,42.569 ,.0000 ,.78624E-03 ,.0000 ,
251 ,45295. ,01/04/2024 ,.0000 ,.0000 ,50.500 ,24.079 ,42.571 ,.0000 ,.49048E-02 ,.0000 ,
256 ,45295. ,01/04/2024 ,.0000 ,.0000 ,49.000 ,24.075 ,42.573 ,.0000 ,.13078E-01 ,.0000 ,
261 ,45295. ,01/04/2024 ,.0000 ,.0000 ,48.000 ,24.071 ,42.574 ,.0000 ,.20910E-01 ,.0000 ,
266 ,45295. ,01/04/2024 ,.0000 ,.0000 ,47.000 ,24.065 ,42.575 ,.0000 ,.31553E-01 ,.0000 ,
271 ,45295. ,01/04/2024 ,.0000 ,.0000 ,46.000 ,24.058 ,42.576 ,.0000 ,.45729E-01 ,.0000 ,
276 ,45295. ,01/04/2024 ,.0000 ,.0000 ,45.000 ,24.047 ,42.576 ,.0000 ,.64354E-01 ,.0000 ,
281 ,45295. ,01/04/2024 ,.0000 ,.0000 ,44.000 ,24.034 ,42.577 ,.0000 ,.88587E-01 ,.0000 ,
286 ,45295. ,01/04/2024 ,.0000 ,.0000 ,43.000 ,24.017 ,42.578 ,.23306E-12 ,.11989 ,.0000 ,
291 ,45295. ,01/04/2024 ,.0000 ,.0000 ,42.000 ,23.994 ,42.578 ,.74554E-04 ,.16011 ,.0000 ,
296 ,45295. ,01/04/2024 ,.0000 ,.0000 ,41.000 ,23.966 ,42.579 ,.10135E-02 ,.21157 ,.0000 ,
301 ,45295. ,01/04/2024 ,.0000 ,.0000 ,40.000 ,23.929 ,42.579 ,.27632E-02 ,.27721 ,.0000 ,
306 ,45295. ,01/04/2024 ,.0000 ,.0000 ,39.000 ,23.883 ,42.579 ,.54754E-02 ,.36072 ,.0000 ,
311 ,45295. ,01/04/2024 ,.0000 ,.0000 ,38.000 ,23.824 ,42.579 ,.93402E-02 ,.46677 ,.0000 ,
316 ,45295. ,01/04/2024 ,.0000 ,.0000 ,37.000 ,23.749 ,42.579 ,.14595E-01 ,.60117 ,.0000 ,
321 ,45295. ,01/04/2024 ,.0000 ,.0000 ,36.000 ,23.655 ,42.579 ,.21533E-01 ,.77128 ,.0000 ,
326 ,45295. ,01/04/2024 ,.0000 ,.0000 ,35.000 ,23.536 ,42.578 ,.30516E-01 ,.98628 ,.0000 ,
331 ,45295. ,01/04/2024 ,.0000 ,.0000 ,34.000 ,23.386 ,42.577 ,.41990E-01 ,1.2577 ,.0000 ,
336 ,45295. ,01/04/2024 ,.0000 ,.0000 ,33.000 ,23.197 ,42.576 ,.56503E-01 ,1.5999 ,.0000 ,
341 ,45295. ,01/04/2024 ,.0000 ,.0000 ,32.000 ,22.959 ,42.575 ,.74729E-01 ,2.0308 ,.0000 ,
346 ,45295. ,01/04/2024 ,.0000 ,.0000 ,31.000 ,22.661 ,42.573 ,.97495E-01 ,2.5729 ,.0000 ,
351 ,45295. ,01/04/2024 ,.0000 ,.0000 ,30.000 ,22.286 ,42.571 ,.12582 ,3.2541 ,.18584E-03 ,
356 ,45295. ,01/04/2024 ,.0000 ,.0000 ,29.000 ,21.816 ,42.569 ,.16094 ,4.1089 ,.57683E-03 ,
361 ,45295. ,01/04/2024 ,.0000 ,.0000 ,28.000 ,21.229 ,42.566 ,.20439 ,5.1803 ,.11657E-02 ,
366 ,45295. ,01/04/2024 ,.0000 ,.0000 ,27.000 ,20.494 ,42.563 ,.25803 ,6.5210 ,.19690E-02 ,
371 ,45295. ,01/04/2024 ,.0000 ,.0000 ,26.000 ,19.577 ,42.559 ,.32412 ,8.1960 ,.30061E-02 ,
376 ,45295. ,01/04/2024 ,.0000 ,.0000 ,25.000 ,18.435 ,42.554 ,.40545 ,10.285 ,.42991E-02 ,
381 ,45295. ,01/04/2024 ,.0000 ,.0000 ,24.000 ,17.016 ,42.549 ,.50536 ,12.882 ,.58731E-02 ,
386 ,45295. ,01/04/2024 ,.0000 ,.0000 ,23.000 ,15.258 ,42.543 ,.62791 ,16.103 ,.77565E-02 ,
391 ,45295. ,01/04/2024 ,.0000 ,.0000 ,22.000 ,13.088 ,42.537 ,.77800 ,20.081 ,.99810E-02 ,
396 ,45295. ,01/04/2024 ,.0000 ,.0000 ,21.000 ,10.419 ,42.529 ,.96159 ,24.975 ,.12582E-01 ,
401 ,45295. ,01/04/2024 ,.0000 ,.0000 ,20.000 ,7.1404 ,42.521 ,1.1860 ,30.990 ,.15599E-01 ,
406 ,45295. ,01/04/2024 ,.0000 ,.0000 ,19.000 ,2.6736 ,42.511 ,1.4659 ,39.229 ,.19077E-01 ,
411 ,45295. ,01/04/2024 ,.0000 ,.0000 ,18.000 ,.24062 ,42.500 ,1.7688 ,43.460 ,.23062E-01 ,
416 ,45295. ,01/04/2024 ,.0000 ,.0000 ,17.000 ,.49190E-01 ,42.488 ,2.0746 ,43.313 ,.27609E-01 ,
421 ,45295. ,01/04/2024 ,.0000 ,.0000 ,16.000 ,.15466E-01 ,42.474 ,2.4142 ,42.800 ,.32774E-01 ,
426 ,45295. ,01/04/2024 ,.0000 ,.0000 ,15.000 ,.56180E-02 ,42.458 ,2.7945 ,42.171 ,.38620E-01 ,
431 ,45295. ,01/04/2024 ,.0000 ,.0000 ,14.000 ,.21593E-02 ,42.441 ,3.2201 ,41.454 ,.45210E-01 ,
436 ,45295. ,01/04/2024 ,.0000 ,.0000 ,13.000 ,.85028E-03 ,42.422 ,3.6953 ,40.647 ,.52612E-01 ,
441 ,45295. ,01/04/2024 ,.0000 ,.0000 ,12.000 ,.33839E-03 ,42.400 ,4.2238 ,39.749 ,.60891E-01 ,
446 ,45295. ,01/04/2024 ,.0000 ,.0000 ,11.000 ,.13523E-03 ,42.376 ,4.8090 ,38.753 ,.70109E-01 ,
451 ,45295. ,01/04/2024 ,.0000 ,.0000 ,10.000 ,.54078E-04 ,42.350 ,5.4533 ,37.656 ,.80316E-01 ,
456 ,45295. ,01/04/2024 ,.0000 ,.0000 ,9.0000 ,.21590E-04 ,42.321 ,6.1578 ,36.458 ,.91538E-01 ,
461 ,45295. ,01/04/2024 ,.0000 ,.0000 ,8.0000 ,.85933E-05 ,42.289 ,6.9207 ,35.160 ,.10376 ,
466 ,45295. ,01/04/2024 ,.0000 ,.0000 ,7.0000 ,.34071E-05 ,42.255 ,7.7364 ,33.772 ,.11691 ,
471 ,45295. ,01/04/2024 ,.0000 ,.0000 ,6.0000 ,.13455E-05 ,42.220 ,8.5922 ,32.315 ,.13081 ,
476 ,45295. ,01/04/2024 ,.0000 ,.0000 ,5.0000 ,.52987E-06 ,42.183 ,9.4644 ,30.831 ,.14508 ,
481 ,45295. ,01/04/2024 ,.0000 ,.0000 ,4.0000 ,.20883E-06 ,42.147 ,10.311 ,29.391 ,.15910 ,
486 ,45295. ,01/04/2024 ,.0000 ,.0000 ,3.0000 ,.83454E-07 ,42.115 ,11.061 ,28.115 ,.17181 ,
491 ,45295. ,01/04/2024 ,.0000 ,.0000 ,2.0000 ,.36530E-07 ,42.090 ,11.598 ,27.201 ,.18150 ,
496 ,45295. ,01/04/2024 ,.0000 ,.0000 ,1.0000 ,.27171E-07 ,42.079 ,11.739 ,26.962 ,.18550 ,
1 ,45296. ,01/05/2024 ,.0000 ,.0000 ,101.00 ,24.048 ,42.544 ,.0000 ,.0000 ,.0000 ,
6 ,45296. ,01/05/2024 ,.0000 ,.0000 ,100.00 ,24.048 ,42.544 ,.0000 ,.0000 ,.0000 ,
11 ,45296. ,01/05/2024 ,.0000 ,.0000 ,99.000 ,24.048 ,42.544 ,.0000 ,.0000 ,.0000 ,
16 ,45296. ,01/05/2024 ,.0000 ,.0000 ,98.000 ,24.048 ,42.544 ,.0000 ,.0000 ,.0000 ,
21 ,45296. ,01/05/2024 ,.0000 ,.0000 ,97.000 ,24.048 ,42.544 ,.0000 ,.0000 ,.0000 ,
26 ,45296. ,01/05/2024 ,.0000 ,.0000 ,96.000 ,24.048 ,42.544 ,.0000 ,.0000 ,.0000 ,
31 ,45296. ,01/05/2024 ,.0000 ,.0000 ,95.000 ,24.048 ,42.544 ,.0000 ,.0000 ,.0000 ,
36 ,45296. ,01/05/2024 ,.0000 ,.0000 ,94.000 ,24.048 ,42.544 ,.0000 ,.0000 ,.0000 ,
41 ,45296. ,01/05/2024 ,.0000 ,.0000 ,93.000 ,24.048 ,42.544 ,.0000 ,.0000 ,.0000 ,
46 ,45296. ,01/05/2024 ,.0000 ,.0000 ,92.000 ,24.048 ,42.544 ,.0000 ,.0000 ,.0000 ,
51 ,45296. ,01/05/2024 ,.0000 ,.0000 ,91.000 ,24.048 ,42.544 ,.0000 ,.0000 ,.0000 ,
56 ,45296. ,01/05/2024 ,.0000 ,.0000 ,90.000 ,24.048 ,42.544 ,.0000 ,.0000 ,.0000 ,
61 ,45296. ,01/05/2024 ,.0000 ,.0000 ,89.000 ,24.048 ,42.544 ,.0000 ,.0000 ,.0000 ,
66 ,45296. ,01/05/2024 ,.0000 ,.0000 ,88.000 ,24.048 ,42.544 ,.0000 ,.0000 ,.0000 ,
71 ,45296. ,01/05/2024 ,.0000 ,.0000 ,87.000 ,24.048 ,42.544 ,.0000 ,.0000 ,.0000 ,
76 ,45296. ,01/05/2024 ,.0000 ,.0000 ,86.000 ,24.048 ,42.544 ,.0000 ,.0000 ,.0000 ,
81 ,45296. ,01/05/2024 ,.0000 ,.0000 ,85.000 ,24.048 ,42.544 ,.0000 ,.0000 ,.0000 ,
86 ,45296. ,01/05/2024 ,.0000 ,.0000 ,84.000 ,24.048 ,42.544 ,.0000 ,.0000 ,.0000 ,
91 ,45296. ,01/05/2024 ,.0000 ,.0000 ,83.000 ,24.048 ,42.544 ,.0000 ,.0000 ,.0000 ,
96 ,45296. ,01/05/2024 ,.0000 ,.0000 ,82.000 ,24.048 ,42.544 ,.0000 ,.0000 ,.0000 ,
101 ,45296. ,01/05/2024 ,.0000 ,.0000 ,81.000 ,24.048 ,42.544 ,.0000 ,.0000 ,.0000 ,
106 ,45296. ,01/05/2024 ,.0000 ,.0000 ,80.000 ,24.049 ,42.544 ,.0000 ,.0000 ,.0000 ,
111 ,45296. ,01/05/2024 ,.0000 ,.0000 ,79.000 ,24.049 ,42.544 ,.0000 ,.0000 ,.0000 ,
116 ,45296. ,01/05/2024 ,.0000 ,.0000 ,78.000 ,24.049 ,42.544 ,.0000 ,.0000 ,.0000 ,
121 ,45296. ,01/05/2024 ,.0000 ,.0000 ,77.000 ,24.049 ,42.544 ,.0000 ,.0000 ,.0000 ,
126 ,45296. ,01/05/2024 ,.0000 ,.0000 ,76.000 ,24.049 ,42.544 ,.0000 ,.0000 ,.0000 ,
131 ,45296. ,01/05/2024 ,.0000 ,.0000 ,75.000 ,24.049 ,42.544 ,.0000 ,.0000 ,.0000 ,
136 ,45296. ,01/05/2024 ,.0000 ,.0000 ,74.000 ,24.050 ,42.544 ,.0000 ,.0000 ,.0000 ,
141 ,45296. ,01/05/2024 ,.0000 ,.0000 ,73.000 ,24.050 ,42.545 ,.0000 ,.0000 ,.0000 ,
146 ,45296. ,01/05/2024 ,.0000 ,.0000 ,72.000 ,24.050 ,42.545 ,.0000 ,.0000 ,.0000 ,
151 ,45296. ,01/05/2024 ,.0000 ,.0000 ,71.000 ,24.050 ,42.545 ,.0000 ,.0000 ,.0000 ,
156 ,45296. ,01/05/2024 ,.0000 ,.0000 ,70.000 ,24.051 ,42.545 ,.0000 ,.0000 ,.0000 ,
161 ,45296. ,01/05/2024 ,.0000 ,.0000 ,69.000 ,24.051 ,42.545 ,.0000 ,.0000 ,.0000 ,
166 ,45296. ,01/05/2024 ,.0000 ,.0000 ,68.000 ,24.051 ,42.545 ,.0000 ,.0000 ,.0000 ,
171 ,45296. ,01/05/2024 ,.0000 ,.0000 ,67.000 ,24.052 ,42.546 ,.0000 ,.0000 ,.0000 ,
176 ,45296. ,01/05/2024 ,.0000 ,.0000 ,66.000 ,24.052 ,42.546 ,.0000 ,.0000 ,.0000 ,
181 ,45296. ,01/05/2024 ,.0000 ,.0000 ,65.000 ,24.053 ,42.546 ,.0000 ,.0000 ,.0000 ,
186 ,45296. ,01/05/2024 ,.0000 ,.0000 ,64.000 ,24.053 ,42.546 ,.0000 ,.0000 ,.0000 ,
191 ,45296. ,01/05/2024 ,.0000 ,.0000 ,63.000 ,24.054 ,42.547 ,.0000 ,.0000 ,.0000 ,
196 ,45296. ,01/05/2024 ,.0000 ,.0000 ,62.000 ,24.054 ,42.547 ,.0000 ,.0000 ,.0000 ,
201 ,45296. ,01/05/2024 ,.0000 ,.0000 ,61.000 ,24.055 ,42.547 ,.0000 ,.0000 ,.0000 ,
206 ,45296. ,01/05/2024 ,.0000 ,.0000 ,60.000 ,24.056 ,42.548 ,.0000 ,.0000 ,.0000 ,
211 ,45296. ,01/05/2024 ,.0000 ,.0000 ,59.000 ,24.056 ,42.548 ,.0000 ,.0000 ,.0000 ,
216 ,45296. ,01/05/2024 ,.0000 ,.0000 ,58.000 ,24.057 ,42.548 ,.0000 ,.0000 ,.0000 ,
221 ,45296. ,01/05/2024 ,.0000 ,.0000 ,57.000 ,24.058 ,42.549 ,.0000 ,.0000 ,.0000 ,
226 ,45296. ,01/05/2024 ,.0000 ,.0000 ,56.000 ,24.059 ,42.549 ,.0000 ,.0000 ,.0000 ,
231 ,45296. ,01/05/2024 ,.0000 ,.0000 ,55.000 ,24.060 ,42.550 ,.0000 ,.0000 ,.0000 ,
236 ,45296. ,01/05/2024 ,.0000 ,.0000 ,54.000 ,24.061 ,42.550 ,.0000 ,.0000 ,.0000 ,
241 ,45296. ,01/05/2024 ,.0000 ,.0000 ,53.000 ,24.062 ,42.551 ,.0000 ,.0000 ,.0000 ,
246 ,45296. ,01/05/2024 ,.0000 ,.0000 ,52.000 ,24.063 ,42.552 ,.0000 ,.0000 ,.0000 ,
251 ,45296. ,01/05/2024 ,.0000 ,.0000 ,50.500 ,24.065 ,42.553 ,.0000 ,.0000 ,.0000 ,
256 ,45296. ,01/05/2024 ,.0000 ,.0000 ,49.000 ,24.066 ,42.554 ,.0000 ,.0000 ,.0000 ,
261 ,45296. ,01/05/2024 ,.0000 ,.0000 ,48.000 ,24.067 ,42.554 ,.0000 ,.0000 ,.0000 ,
266 ,45296. ,01/05/2024 ,.0000 ,.0000 ,47.000 ,24.069 ,42.555 ,.0000 ,.0000 ,.0000 ,
271 ,45296. ,01/05/2024 ,.0000 ,.0000 ,46.000 ,24.070 ,42.556 ,.0000 ,.0000 ,.0000 ,
276 ,45296. ,01/05/2024 ,.0000 ,.0000 ,45.000 ,24.071 ,42.557 ,.0000 ,.0000 ,.0000 ,
281 ,45296. ,01/05/2024 ,.0000 ,.0000 ,44.000 ,24.072 ,42.558 ,.0000 ,.0000 ,.0000 ,
286 ,45296. ,01/05/2024 ,.0000 ,.0000 ,43.000 ,24.073 ,42.558 ,.0000 ,.0000 ,.0000 ,
291 ,45296. ,01/05/2024 ,.0000 ,.0000 ,42.000 ,24.075 ,42.559 ,.0000 ,.0000 ,.0000 ,
296 ,45296. ,01/05/2024 ,.0000 ,.0000 ,41.000 ,24.076 ,42.560 ,.0000 ,.0000 ,.0000 ,
301 ,45296. ,01/05/2024 ,.0000 ,.0000 ,40.000 ,24.077 ,42.561 ,.0000 ,.0000 ,.0000 ,
306 ,45296. ,01/05/2024 ,.0000 ,.0000 ,39.000 ,24.078 ,42.562 ,.0000 ,.0000 ,.0000 ,
311 ,45296. ,01/05/2024 ,.0000 ,.0000 ,38.000 ,24.079 ,42.563 ,.0000 ,.0000 ,.0000 ,
316 ,45296. ,01/05/2024 ,.0000 ,.0000 ,37.000 ,24.080 ,42.564 ,.0000 ,.0000 ,.0000 ,
321 ,45296. ,01/05/2024 ,.0000 ,.0000 ,36.000 ,24.081 ,42.565 ,.0000 ,.0000 ,.0000 ,
326 ,45296. ,01/05/2024 ,.0000 ,.0000 ,35.000 ,24.082 ,42.566 ,.0000 ,.0000 ,.0000 ,
331 ,45296. ,01/05/2024 ,.0000 ,.0000 ,34.000 ,24.083 ,42.567 ,.0000 ,.0000 ,.0000 ,
336 ,45296. ,01/05/2024 ,.0000 ,.0000 ,33.000 ,24.083 ,42.568 ,.0000 ,.16167E-17 ,.0000 ,
341 ,45296. ,01/05/2024 ,.0000 ,.0000 ,32.000 ,24.084 ,42.569 ,.0000 ,.10379E-11 ,.0000 ,
346 ,45296. ,01/05/2024 ,.0000 ,.0000 ,31.000 ,24.084 ,42.569 ,.0000 ,.20035E-05 ,.0000 ,
351 ,45296. ,01/05/2024 ,.0000 ,.0000 ,30.000 ,24.084 ,42.570 ,.0000 ,.53242E-03 ,.0000 ,
356 ,45296. ,01/05/2024 ,.0000 ,.0000 ,29.000 ,24.083 ,42.571 ,.0000 ,.16089E-02 ,.0000 ,
361 ,45296. ,01/05/2024 ,.0000 ,.0000 ,28.000 ,24.083 ,42.572 ,.0000 ,.33165E-02 ,.0000 ,
366 ,45296. ,01/05/2024 ,.0000 ,.0000 ,27.000 ,24.081 ,42.573 ,.0000 ,.57934E-02 ,.0000 ,
371 ,45296. ,01/05/2024 ,.0000 ,.0000 ,26.000 ,24.080 ,42.574 ,.0000 ,.92172E-02 ,.0000 ,
376 ,45296. ,01/05/2024 ,.0000 ,.0000 ,25.000 ,24.077 ,42.574 ,.0000 ,.13814E-01 ,.0000 ,
381 ,45296. ,01/05/2024 ,.0000 ,.0000 ,24.000 ,24.074 ,42.575 ,.0000 ,.19874E-01 ,.0000 ,
386 ,45296. ,01/05/2024 ,.0000 ,.0000 ,23.000 ,24.070 ,42.576 ,.0000 ,.27762E-01 ,.0000 ,
391 ,45296. ,01/05/2024 ,.0000 ,.0000 ,22.000 ,24.064 ,42.576 ,.0000 ,.37943E-01 ,.0000 ,
396 ,45296. ,01/05/2024 ,.0000 ,.0000 ,21.000 ,24.057 ,42.577 ,.0000 ,.51007E-01 ,.0000 ,
401 ,45296. ,01/05/2024 ,.0000 ,.0000 ,20.000 ,24.048 ,42.577 ,.0000 ,.67693E-01 ,.0000 ,
406 ,45296. ,01/05/2024 ,.0000 ,.0000 ,19.000 ,24.036 ,42.577 ,.0000 ,.88931E-01 ,.0000 ,
411 ,45296. ,01/05/2024 ,.0000 ,.0000 ,18.000 ,24.022 ,42.578 ,.12751E-16 ,.11588 ,.0000 ,
416 ,45296. ,01/05/2024 ,.0000 ,.0000 ,17.000 ,24.003 ,42.578 ,.19026E-06 ,.14998 ,.0000 ,
421 ,45296. ,01/05/2024 ,.0000 ,.0000 ,16.000 ,23.980 ,42.578 ,.35239E-03 ,.19298 ,.0000 ,
426 ,45296. ,01/05/2024 ,.0000 ,.0000 ,15.000 ,23.950 ,42.578 ,.10542E-02 ,.24701 ,.0000 ,
431 ,45296. ,01/05/2024 ,.0000 ,.0000 ,14.000 ,23.914 ,42.578 ,.21260E-02 ,.31461 ,.0000 ,
436 ,45296. ,01/05/2024 ,.0000 ,.0000 ,13.000 ,23.869 ,42.577 ,.36137E-02 ,.39873 ,.0000 ,
441 ,45296. ,01/05/2024 ,.0000 ,.0000 ,12.000 ,23.813 ,42.577 ,.55688E-02 ,.50271 ,.0000 ,
446 ,45296. ,01/05/2024 ,.0000 ,.0000 ,11.000 ,23.744 ,42.576 ,.80467E-02 ,.63021 ,.0000 ,
451 ,45296. ,01/05/2024 ,.0000 ,.0000 ,10.000 ,23.661 ,42.576 ,.11103E-01 ,.78492 ,.0000 ,
456 ,45296. ,01/05/2024 ,.0000 ,.0000 ,9.0000 ,23.562 ,42.575 ,.14787E-01 ,.97025 ,.75482E-04 ,
461 ,45296. ,01/05/2024 ,.0000 ,.0000 ,8.0000 ,23.446 ,42.573 ,.19133E-01 ,1.1886 ,.22519E-03 ,
466 ,45296. ,01/05/2024 ,.0000 ,.0000 ,7.0000 ,23.312 ,42.572 ,.24147E-01 ,1.4405 ,.45394E-03 ,
471 ,45296. ,01/05/2024 ,.0000 ,.0000 ,6.0000 ,23.161 ,42.570 ,.29781E-01 ,1.7229 ,.76670E-03 ,
476 ,45296. ,01/05/2024 ,.0000 ,.0000 ,5.0000 ,22.999 ,42.568 ,.35903E-01 ,2.0272 ,.11661E-02 ,
481 ,45296. ,01/05/2024 ,.0000 ,.0000 ,4.0000 ,22.834 ,42.565 ,.42247E-01 ,2.3358 ,.16509E-02 ,
486 ,45296. ,01/05/2024 ,.0000 ,.0000 ,3.0000 ,22.683 ,42.563 ,.48346E-01 ,2.6187 ,.22140E-02 ,
491 ,45296. ,01/05/2024 ,.0000 ,.0000 ,2.0000 ,22.570 ,42.559 ,.53445E-01 ,2.8270 ,.28417E-02 ,
496 ,45296. ,01/05/2024 ,.0000 ,.0000 ,1.0000 ,22.536 ,42.555 ,.56410E-01 ,2.8866 ,.35224E-02 ,
1 ,45297. ,01/06/2024 ,.0000 ,.0000 ,101.00 ,24.048 ,42.544 ,.0000 ,.0000 ,.0000 ,
6 ,45297. ,01/06/2024 ,.0000 ,.0000 ,100.00 ,24.048 ,42.544 ,.0000 ,.0000 ,.0000 ,
11 ,45297. ,01/06/2024 ,.0000 ,.0000 ,99.000 ,24.048 ,42.544 ,.0000 ,.0000 ,.0000 ,
16 ,45297. ,01/06/2024 ,.0000 ,.0000 ,98.000 ,24.048 ,42.544 ,.0000 ,.0000 ,.0000 ,
21 ,45297. ,01/06/2024 ,.0000 ,.0000 ,97.000 ,24.048 ,42.544 ,.0000 ,.0000 ,.0000 ,
26 ,45297. ,01/06/2024 ,.0000 ,.0000 ,96.000 ,24.048 ,42.544 ,.0000 ,.0000 ,.0000 ,
31 ,45297. ,01/06/2024 ,.0000 ,.0000 ,95.000 ,24.048 ,42.544 ,.0000 ,.0000 ,.0000 ,
36 ,45297. ,01/06/2024 ,.0000 ,.0000 ,94.000 ,24.048 ,42.544 ,.0000 ,.0000 ,.0000 ,
41 ,45297. ,01/06/2024 ,.0000 ,.0000 ,93.000 ,24.048 ,42.544 ,.0000 ,.0000 ,.0000 ,
46 ,45297. ,01/06/2024 ,.0000 ,.0000 ,92.000 ,24.048 ,42.544 ,.0000 ,.0000 ,.0000 ,
51 ,45297. ,01/06/2024 ,.0000 ,.0000 ,91.000 ,24.048 ,42.544 ,.0000 ,.0000 ,.0000 ,
56 ,45297. ,01/06/2024 ,.0000 ,.0000 ,90.000 ,24.048 ,42.544 ,.0000 ,.0000 ,.0000 ,
61 ,45297. ,01/06/2024 ,.0000 ,.0000 ,89.000 ,24.048 ,42.544 ,.0000 ,.0000 ,.0000 ,
66 ,45297. ,01/06/2024 ,.0000 ,.0000 ,88.000 ,24.048 ,42.544 ,.0000 ,.0000 ,.0000 ,
71 ,45297. ,01/06/2024 ,.0000 ,.0000 ,87.000 ,24.048 ,42.544 ,.0000 ,.0000 ,.0000 ,
76 ,45297. ,01/06/2024 ,.0000 ,.0000 ,86.000 ,24.048 ,42.544 ,.0000 ,.0000 ,.0000 ,
81 ,45297. ,01/06/2024 ,.0000 ,.0000 ,85.000 ,24.048 ,42.544 ,.0000 ,.0000 ,.0000 ,
86 ,45297. ,01/06/2024 ,.0000 ,.0000 ,84.000 ,24.048 ,42.544 ,.0000 ,.0000 ,.0000 ,
91 ,45297. ,01/06/2024 ,.0000 ,.0000 ,83.000 ,24.048 ,42.544 ,.0000 ,.0000 ,.0000 ,
96 ,45297. ,01/06/2024 ,.0000 ,.0000 ,82.000 ,24.048 ,42.544 ,.0000 ,.0000 ,.0000 ,
101 ,45297. ,01/06/2024 ,.0000 ,.0000 ,81.000 ,24.048 ,42.544 ,.0000 ,.0000 ,.0000 ,
106 ,45297. ,01/06/2024 ,.0000 ,.0000 ,80.000 ,24.048 ,42.544 ,.0000 ,.0000 ,.0000 ,
111 ,45297. ,01/06/2024 ,.0000 ,.0000 ,79.000 ,24.048 ,42.544 ,.0000 ,.0000 ,.0000 ,
116 ,45297. ,01/06/2024 ,.0000 ,.0000 ,78.000 ,24.048 ,42.544 ,.0000 ,.0000 ,.0000 ,
121 ,45297. ,01/06/2024 ,.0000 ,.0000 ,77.000 ,24.048 ,42.544 ,.0000 ,.0000 ,.0000 ,
126 ,45297. ,01/06/2024 ,.0000 ,.0000 ,76.000 ,24.048 ,42.544 ,.0000 ,.0000 ,.0000 ,
131 ,45297. ,01/06/2024 ,.0000 ,.0000 ,75.000 ,24.048 ,42.544 ,.0000 ,.0000 ,.0000 ,
136 ,45297. ,01/06/2024 ,.0000 ,.0000 ,74.000 ,24.048 ,42.544 ,.0000 ,.0000 ,.0000 ,
141 ,45297. ,01/06/2024 ,.0000 ,.0000 ,73.000 ,24.048 ,42.544 ,.0000 ,.0000 ,.0000 ,
146 ,45297. ,01/06/2024 ,.0000 ,.0000 ,72.000 ,24.048 ,42.544 ,.0000 ,.0000 ,.0000 ,
151 ,45297. ,01/06/2024 ,.0000 ,.0000 ,71.000 ,24.048 ,42.544 ,.0000 ,.0000 ,.0000 ,
156 ,45297. ,01/06/2024 ,.0000 ,.0000 ,70.000 ,24.048 ,42.544 ,.0000 ,.0000 ,.0000 ,
161 ,45297. ,01/06/2024 ,.0000 ,.0000 ,69.000 ,24.048 ,42.544 ,.0000 ,.0000 ,.0000 ,
166 ,45297. ,01/06/2024 ,.0000 ,.0000 ,68.000 ,24.048 ,42.544 ,.0000 ,.0000 ,.0000 ,
171 ,45297. ,01/06/2024 ,.0000 ,.0000 ,67.000 ,24.048 ,42.544 ,.0000 ,.0000 ,.0000 ,
176 ,45297. ,01/06/2024 ,.0000 ,.0000 ,66.000 ,24.048 ,42.544 ,.0000 ,.0000 ,.0000 ,
181 ,45297. ,01/06/2024 ,.0000 ,.0000 ,65.000 ,24.049 ,42.544 ,.0000 ,.0000 ,.0000 ,
186 ,45297. ,01/06/2024 ,.0000 ,.0000 ,64.000 ,24.049 ,42.544 ,.0000 ,.0000 ,.0000 ,
191 ,45297. ,01/06/2024 ,.0000 ,.0000 ,63.000 ,24.049 ,42.544 ,.0000 ,.0000 ,.0000 ,
196 ,45297. ,01/06/2024 ,.0000 ,.0000 ,62.000 ,24.049 ,42.544 ,.0000 ,.0000 ,.0000 ,
201 ,45297. ,01/06/2024 ,.0000 ,.0000 ,61.000 ,24.049 ,42.544 ,.0000 ,.0000 ,.0000 ,
206 ,45297. ,01/06/2024 ,.0000 ,.0000 ,60.000 ,24.049 ,42.544 ,.0000 ,.0000 ,.0000 ,
211 ,45297. ,01/06/2024 ,.0000 ,.0000 ,59.000 ,24.050 ,42.544 ,.0000 ,.0000 ,.0000 ,
216 ,45297. ,01/06/2024 ,.0000 ,.0000 ,58.000 ,24.050 ,42.544 ,.0000 ,.0000 ,.0000 ,
221 ,45297. ,01/06/2024 ,.0000 ,.0000 ,57.000 ,24.050 ,42.545 ,.0000 ,.0000 ,.0000 ,
226 ,45297. ,01/06/2024 ,.0000 ,.0000 ,56.000 ,24.050 ,42.545 ,.0000 ,.0000 ,.0000 ,
231 ,45297. ,01/06/2024 ,.0000 ,.0000 ,55.000 ,24.051 ,42.545 ,.0000 ,.0000 ,.0000 ,
236 ,45297. ,01/06/2024 ,.0000 ,.0000 ,54.000 ,24.051 ,42.545 ,.0000 ,.0000 ,.0000 ,
241 ,45297. ,01/06/2024 ,.0000 ,.0000 ,53.000 ,24.051 ,42.545 ,.0000 ,.0000 ,.0000 ,
246 ,45297. ,01/06/2024 ,.0000 ,.0000 ,52.000 ,24.052 ,42.545 ,.0000 ,.0000 ,.0000 ,
251 ,45297. ,01/06/2024 ,.0000 ,.0000 ,50.500 ,24.052 ,42.546 ,.0000 ,.0000 ,.0000 ,
256 ,45297. ,01/06/2024 ,.0000 ,.0000 ,49.000 ,24.053 ,42.546 ,.0000 ,.0000 ,.0000 ,
261 ,45297. ,01/06/2024 ,.0000 ,.0000 ,48.000 ,24.053 ,42.546 ,.0000 ,.0000 ,.0000 ,
266 ,45297. ,01/06/2024 ,.0000 ,.0000 ,47.000 ,24.054 ,42.546 ,.0000 ,.0000 ,.0000 ,
271 ,45297. ,01/06/2024 ,.0000 ,.0000 ,46.000 ,24.054 ,42.547 ,.0000 ,.0000 ,.0000 ,
276 ,45297. ,01/06/2024 ,.0000 ,.0000 ,45.000 ,24.055 ,42.547 ,.0000 ,.0000 ,.0000 ,
281 ,45297. ,01/06/2024 ,.0000 ,.0000 ,44.000 ,24.055 ,42.547 ,.0000 ,.0000 ,.0000 ,
286 ,45297. ,01/06/2024 ,.0000 ,.0000 ,43.000 ,24.056 ,42.548 ,.0000 ,.0000 ,.0000 ,
291 ,45297. ,01/06/2024 ,.0000 ,.0000 ,42.000 ,24.057 ,42.548 ,.0000 ,.0000 ,.0000 ,
296 ,45297. ,01/06/2024 ,.0000 ,.0000 ,41.000 ,24.057 ,42.548 ,.0000 ,.0000 ,.0000 ,
301 ,45297. ,01/06/2024 ,.0000 ,.0000 ,40.000 ,24.058 ,42.549 ,.0000 ,.0000 ,.0000 ,
306 ,45297. ,01/06/2024 ,.0000 ,.0000 ,39.000 ,24.059 ,42.549 ,.0000 ,.0000 ,.0000 ,
311 ,45297. ,01/06/2024 ,.0000 ,.0000 ,38.000 ,24.060 ,42.550 ,.0000 ,.0000 ,.0000 ,
316 ,45297. ,01/06/2024 ,.0000 ,.0000 ,37.000 ,24.060 ,42.550 ,.0000 ,.0000 ,.0000 ,
321 ,45297. ,01/06/2024 ,.0000 ,.0000 ,36.000 ,24.061 ,42.551 ,.0000 ,.0000 ,.0000 ,
326 ,45297. ,01/06/2024 ,.0000 ,.0000 ,35.000 ,24.062 ,42.551 ,.0000 ,.0000 ,.0000 ,
331 ,45297. ,01/06/2024 ,.0000 ,.0000 ,34.000 ,24.063 ,42.552 ,.0000 ,.0000 ,.0000 ,
336 ,45297. ,01/06/2024 ,.0000 ,.0000 ,33.000 ,24.064 ,42.552 ,.0000 ,.0000 ,.0000 ,
341 ,45297. ,01/06/2024 ,.0000 ,.0000 ,32.000 ,24.065 ,42.553 ,.0000 ,.0000 ,.0000 ,
346 ,45297. ,01/06/2024 ,.0000 ,.0000 ,31.000 ,24.066 ,42.553 ,.0000 ,.0000 ,.0000 ,
351 ,45297. ,01/06/2024 ,.0000 ,.0000 ,30.000 ,24.067 ,42.554 ,.0000 ,.0000 ,.0000 ,
356 ,45297. ,01/06/2024 ,.0000 ,.0000 ,29.000 ,24.068 ,42.555 ,.0000 ,.0000 ,.0000 ,
361 ,45297. ,01/06/2024 ,.0000 ,.0000 ,28.000 ,24.069 ,42.555 ,.0000 ,.0000 ,.0000 ,
366 ,45297. ,01/06/2024 ,.0000 ,.0000 ,27.000 ,24.070 ,42.556 ,.0000 ,.0000 ,.0000 ,
371 ,45297. ,01/06/2024 ,.0000 ,.0000 ,26.000 ,24.071 ,42.557 ,.0000 ,.0000 ,.0000 ,
376 ,45297. ,01/06/2024 ,.0000 ,.0000 ,25.000 ,24.072 ,42.557 ,.0000 ,.0000 ,.0000 ,
381 ,45297. ,01/06/2024 ,.0000 ,.0000 ,24.000 ,24.073 ,42.558 ,.0000 ,.0000 ,.0000 ,
386 ,45297. ,01/06/2024 ,.0000 ,.0000 ,23.000 ,24.074 ,42.559 ,.0000 ,.0000 ,.0000 ,
391 ,45297. ,01/06/2024 ,.0000 ,.0000 ,22.000 ,24.075 ,42.559 ,.0000 ,.0000 ,.0000 ,
396 ,45297. ,01/06/2024 ,.0000 ,.0000 ,21.000 ,24.076 ,42.560 ,.0000 ,.0000 ,.0000 ,
401 ,45297. ,01/06/2024 ,.0000 ,.0000 ,20.000 ,24.076 ,42.561 ,.0000 ,.0000 ,.0000 ,
406 ,45297. ,01/06/2024 ,.0000 ,.0000 ,19.000 ,24.077 ,42.562 ,.0000 ,.0000 ,.0000 ,
411 ,45297. ,01/06/2024 ,.0000 ,.0000 ,18.000 ,24.078 ,42.562 ,.0000 ,.0000 ,.0000 ,
416 ,45297. ,01/06/2024 ,.0000 ,.0000 ,17.000 ,24.079 ,42.563 ,.0000 ,.0000 ,.0000 ,
421 ,45297. ,01/06/2024 ,.0000 ,.0000 ,16.000 ,24.079 ,42.564 ,.0000 ,.0000 ,.0000 ,
426 ,45297. ,01/06/2024 ,.0000 ,.0000 ,15.000 ,24.080 ,42.564 ,.0000 ,.0000 ,.0000 ,
431 ,45297. ,01/06/2024 ,.0000 ,.0000 ,14.000 ,24.080 ,42.565 ,.0000 ,.0000 ,.0000 ,
436 ,45297. ,01/06/2024 ,.0000 ,.0000 ,13.000 ,24.080 ,42.565 ,.0000 ,.0000 ,.0000 ,
441 ,45297. ,01/06/2024 ,.0000 ,.0000 ,12.000 ,24.080 ,42.566 ,.0000 ,.58263E-13 ,.0000 ,
446 ,45297. ,01/06/2024 ,.0000 ,.0000 ,11.000 ,24.080 ,42.566 ,.0000 ,.48398E-04 ,.0000 ,
451 ,45297. ,01/06/2024 ,.0000 ,.0000 ,10.000 ,24.080 ,42.566 ,.0000 ,.29830E-03 ,.0000 ,
456 ,45297. ,01/06/2024 ,.0000 ,.0000 ,9.0000 ,24.079 ,42.566 ,.0000 ,.72305E-03 ,.0000 ,
461 ,45297. ,01/06/2024 ,.0000 ,.0000 ,8.0000 ,24.078 ,42.566 ,.30283E-04 ,.13299E-02 ,.62721E-05 ,
466 ,45297. ,01/06/2024 ,.0000 ,.0000 ,7.0000 ,24.077 ,42.566 ,.13523E-03 ,.21200E-02 ,.29729E-04 ,
471 ,45297. ,01/06/2024 ,.0000 ,.0000 ,6.0000 ,24.075 ,42.565 ,.31162E-03 ,.30857E-02 ,.69519E-04 ,
476 ,45297. ,01/06/2024 ,.0000 ,.0000 ,5.0000 ,24.073 ,42.564 ,.56437E-03 ,.42081E-02 ,.12679E-03 ,
481 ,45297. ,01/06/2024 ,.0000 ,.0000 ,4.0000 ,24.071 ,42.563 ,.89467E-03 ,.54520E-02 ,.20184E-03 ,
486 ,45297. ,01/06/2024 ,.0000 ,.0000 ,3.0000 ,24.068 ,42.561 ,.12980E-02 ,.67591E-02 ,.29365E-03 ,
491 ,45297. ,01/06/2024 ,.0000 ,.0000 ,2.0000 ,24.064 ,42.559 ,.17628E-02 ,.80423E-02 ,.39958E-03 ,
496 ,45297. ,01/06/2024 ,.0000 ,.0000 ,1.0000 ,24.060 ,42.556 ,.22762E-02 ,.91919E-02 ,.51666E-03 ,
